-0.044301
-0.042962
-0.025126
-0.002262
0.004886
-0.024652
-0.099808
-0.209394
-0.324888
-0.414184
-0.458167
-0.459187
-0.436457
-0.413139
-0.404880
-0.415833
-0.440436
-0.465290
-0.468869
-0.423066
-0.302151
-0.098055
0.168408
0.452303
0.706089
0.903153
1.044482
1.142746
1.196942
1.178935
1.044746
0.765581
0.358411
-0.106812
-0.532898
-0.840791
-1.005254
-1.057067
-1.051219
-1.023127
-0.961341
-0.813904
-0.524990
-0.079788
0.470022
1.015704
1.429198
1.608068
1.508866
1.160816
0.658108
0.131046
-0.297561
-0.553772
-0.631422
-0.580315
-0.473627
-0.373811
-0.312522
-0.289513
-0.285588
-0.279589
-0.260185
-0.228541
-0.194203
-0.169557
-0.166051
-0.190865
-0.240940
-0.294931
-0.309743
-0.230608
-0.017848
0.319524
0.705281
1.014077
1.127500
0.998934
0.683249
0.307890
0.003973
-0.157224
-0.186189
-0.150294
-0.123518
-0.141093
-0.182397
-0.188984
-0.106259
0.075245
0.303495
0.485183
0.533299
0.414441
0.166092
-0.126706
-0.378093
-0.540622
-0.616055
-0.638657
-0.647302
-0.664340
-0.690880
-0.717083
-0.737762
-0.761464
-0.805912
-0.881383
-0.972115
-1.029775
-0.988564
-0.798642
-0.459898
-0.033018
0.383017
0.695095
0.854888
0.871302
0.794889
0.688483
0.600888
0.553467
0.541018
0.542831
0.537376
0.513716
0.474819
0.432492
0.398526
0.378071
0.368520
0.363046
0.355696
0.344977
0.334286
0.329325
0.334188
0.348612
0.368188
0.387082
0.400936
0.407830
0.407604
0.401746
0.395315
0.399243
0.428915
0.496047
0.595482
0.694054
0.731559
0.640408
0.379643
-0.034377
-0.522822
-0.974162
-1.293991
-1.444567
-1.451726
-1.380290
-1.297294
-1.243826
-1.226049
-1.224478
-1.213649
-1.181699
-1.139762
-1.115254
-1.131250
-1.183123
-1.227482
-1.193777
-1.016808
-0.674437
-0.207711
0.291636
0.721047
1.010907
1.147504
1.165944
1.122455
1.064598
1.014808
0.972624
0.930417
0.890816
0.873747
0.906893
1.002987
1.136729
1.238370
1.215258
0.997039
0.582694
0.060684
-0.415189
-0.686872
-0.661231
-0.353847
0.113107
0.558525
0.815302
0.796567
0.525416
0.115561
-0.285307
-0.559679
-0.661512
-0.620269
-0.513641
-0.426385
-0.412543
-0.472838
-0.553873
-0.571027
-0.449640
-0.169194
0.212094
0.571474
0.775248
0.745730
0.501522
0.145358
-0.191580
-0.412553
-0.489400
-0.455787
-0.373560
-0.297091
-0.253956
-0.245662
-0.260260
-0.285204
-0.313262
-0.341452
-0.367561
-0.388535
-0.401936
-0.408551
-0.413112
-0.421475
-0.435459
-0.448620
-0.446172
-0.410513
-0.331151
-0.214609
-0.087947
0.008401
0.036690
-0.020838
-0.152099
-0.317214
-0.460899
-0.529442
-0.485782
-0.318545
-0.044232
0.296469
0.647471
0.950678
1.161436
1.260715
1.258652
1.188035
1.091538
1.008812
0.967645
0.979474
1.037185
1.114131
1.166257
1.141005
0.994317
0.710888
0.317505
-0.119442
-0.513151
-0.784044
-0.883957
-0.808087
-0.592750
-0.302914
-0.015330
0.198576
0.287791
0.232619
0.048379
-0.220351
-0.513873
-0.775019
-0.963730
-1.063731
-1.081056
-1.038247
-0.968125
-0.907505
-0.888664
-0.928158
-1.016680
-1.115855
-1.166345
-1.107312
-0.901516
-0.555082
-0.120483
0.321156
0.689970
0.933182
1.034213
1.004739
0.869922
0.658143
0.399416
0.128488
-0.114594
-0.290337
-0.369692
-0.342151
-0.218185
-0.026139
0.194473
0.401972
0.562456
0.657855
0.688726
0.670818
0.627853
0.583912
0.557094
0.554543
0.569361
0.581166
0.562170
0.488716
0.354883
0.181570
0.014331
-0.091673
-0.093366
0.022530
0.233560
0.487704
0.716138
0.847456
0.823050
0.615078
0.242930
-0.223136
-0.680773
-1.032934
-1.225553
-1.265400
-1.210283
-1.138509
-1.111749
-1.145392
-1.197556
-1.183453
-1.013587
-0.642233
-0.103141
0.488769
0.974621
1.211064
1.124249
0.736534
0.159173
-0.442809
-0.900046
-1.086734
-0.953872
-0.540235
0.041518
0.640691
1.114987
1.369416
1.373259
1.154265
0.780138
0.336730
-0.093820
-0.452237
-0.711085
-0.867052
-0.920850
-0.860562
-0.664350
-0.324725
0.121475
0.581842
0.931060
1.060443
0.927679
0.577617
0.121382
-0.314381
-0.639312
-0.824410
-0.890806
-0.875260
-0.797652
-0.650819
-0.415993
-0.089584
0.299426
0.693854
1.030386
1.263371
1.375573
1.372755
1.270667
1.085900
0.835776
0.543619
0.241448
-0.034981
-0.256882
-0.411900
-0.506016
-0.557306
-0.586375
-0.609527
-0.637422
-0.677261
-0.734153
-0.808581
-0.890325
-0.952404
-0.950816
-0.835530
-0.572769
-0.169368
0.315696
0.782558
1.121250
1.247804
1.130627
0.798950
0.332388
-0.164979
-0.598086
-0.908766
-1.084757
-1.146288
-1.120428
-1.020182
-0.840605
-0.572481
-0.223180
0.170134
0.544781
0.832750
0.985371
0.989490
0.868631
0.671219
0.453232
0.262962
0.132256
0.074354
0.085663
0.149017
0.237995
0.323023
0.378879
0.391281
0.359940
0.297290
0.223983
0.162962
0.133549
0.146307
0.198997
0.274560
0.343184
0.370124
0.327833
0.207289
0.022645
-0.193614
-0.402908
-0.574519
-0.694751
-0.766946
-0.802433
-0.807818
-0.776944
-0.693646
-0.544372
-0.332806
-0.087069
0.145290
0.312551
0.377445
0.330704
0.193452
0.007993
-0.177600
-0.323558
-0.406185
-0.418765
-0.368085
-0.269734
-0.144132
-0.013359
0.102176
0.187569
0.236627
0.252564
0.245412
0.227389
0.208606
0.194791
0.187128
0.183346
0.179408
0.171546
0.158270
0.141388
0.125205
0.114058
0.109765
0.110757
0.113238
0.113070
0.107083
0.093841
0.074150
0.050819
0.027173
0.005177
-0.015281
-0.035216
-0.054288
-0.069188
-0.074509
-0.066451
-0.046998
-0.024701
-0.010315
-0.010073
-0.021852
-0.037206
-0.047234
-0.047297
-0.037613
-0.021188
-0.002319
0.013639
0.021060
0.016341
-0.000021
-0.023625
-0.048336
-0.068351
-0.079058
-0.077678
-0.064581
-0.044196
-0.023673
-0.009476
-0.004369
-0.006859
-0.012885
-0.018169
-0.020090
-0.018620
-0.015991
-0.015067
-0.017266
-0.021413
-0.024394
-0.023181
-0.016929
-0.007978
-0.001175
-0.001527
-0.011031
-0.026653
-0.041242
-0.047182
-0.040445
-0.022512
0.000834
0.022823
0.038992
0.048592
0.053679
0.056831
0.059147
0.059914
0.058037
0.053754
0.048759
0.044507
0.040487
0.034441
0.024591
0.011884
0.000094
-0.006667
-0.007286
-0.005098
-0.005819
-0.013224
-0.026086
-0.039053
-0.046571
-0.046325
-0.039597
-0.029073
-0.016731
-0.003708
0.008685
0.019033
0.027494
0.036743
0.049846
0.066193
0.079501
0.080734
0.064098
0.031098
-0.010432
-0.050582
-0.080943
-0.095888
-0.093059
-0.074402
-0.046668
-0.019536
-0.001495
0.004147
0.000592
-0.004506
-0.003379
0.007334
0.024051
0.037400
0.037290
0.019498
-0.010598
-0.040195
-0.055910
-0.050718
-0.027017
0.004966
0.031912
0.043030
0.034377
0.010336
-0.018024
-0.037085
-0.036218
-0.012963
0.024686
0.060993
0.079790
0.072790
0.044071
0.007868
-0.019144
-0.026450
-0.014195
0.008409
0.028910
0.038083
0.034077
0.022520
0.012315
0.009247
0.011611
0.011274
-0.000379
-0.025879
-0.059104
-0.088307
-0.102460
-0.096756
-0.074319
-0.043895
-0.015507
0.003406
0.009792
0.004849
-0.007054
-0.019860
-0.027725
-0.026927
-0.016862
0.000152
0.019807
0.037010
0.047322
0.048579
0.042144
0.032904
0.027279
0.029481
0.038042
0.045570
0.043138
0.026870
0.001781
-0.020397
-0.028095
-0.016784
0.008464
0.035861
0.053048
0.052991
0.036882
0.013064
-0.007260
-0.015425
-0.009210
0.006545
0.022649
0.029855
0.022432
-0.000292
-0.034100
-0.070793
-0.099537
-0.109152
-0.091637
-0.046167
0.018300
0.084078
0.130460
0.142101
0.115582
0.060161
-0.007609
-0.071774
-0.122705
-0.158229
-0.180819
-0.193094
-0.194052
-0.177830
-0.135888
-0.062148
0.040904
0.158523
0.265515
0.333769
0.342000
0.283008
0.165654
0.011751
-0.150128
-0.291454
-0.389213
-0.428908
-0.404872
-0.318802
-0.178393
0.002396
0.201945
0.391001
0.536558
0.609359
0.592046
0.484285
0.302955
0.077918
-0.154460
-0.357824
-0.501067
-0.562106
-0.530690
-0.410824
-0.222171
0.001687
0.219901
0.394427
0.498741
0.521077
0.462627
0.334672
0.157313
-0.041509
-0.229805
-0.378552
-0.468685
-0.494089
-0.459480
-0.375644
-0.255747
-0.114589
0.030438
0.159530
0.253442
0.298361
0.290211
0.236095
0.152074
0.058037
-0.028237
-0.095167
-0.137758
-0.154984
-0.147166
-0.115908
-0.066015
-0.006504
0.051216
0.097249
0.126674
0.140288
0.142100
0.135275
0.119369
0.091113
0.048763
-0.002815
-0.050664
-0.078473
-0.075693
-0.045268
-0.004156
0.024750
0.024844
-0.005276
-0.051395
-0.091541
-0.107232
-0.092074
-0.053849
-0.009594
0.023624
0.037281
0.034205
0.023940
0.014528
0.007485
-0.000380
-0.011019
-0.021265
-0.024562
-0.016436
0.001156
0.019972
0.029903
0.024637
0.005113
-0.020937
-0.042705
-0.051227
-0.043223
-0.022145
0.003940
0.026377
0.039729
0.043468
0.040967
0.036875
0.034697
0.035598
0.038355
0.040242
0.038738
0.033221
0.025216
0.016804
0.008681
-0.000318
-0.011831
-0.025948
-0.040112
-0.049762
-0.050574
-0.041339
-0.025862
-0.012281
-0.009384
-0.021433
-0.044440
-0.066644
-0.073755
-0.056413
-0.015512
0.037863
0.087782
0.120799
0.130942
0.119941
0.093728
0.058522
0.019206
-0.019860
-0.053407
-0.075210
-0.080259
-0.068270
-0.045985
-0.025440
-0.017948
-0.027237
-0.046596
-0.062342
-0.061674
-0.040101
-0.003992
0.032787
0.055657
0.055810
0.033716
-0.001427
-0.035819
-0.056930
-0.058411
-0.041723
-0.013910
0.016631
0.043392
0.062294
0.070481
0.065707
0.047528
0.019074
-0.012699
-0.039088
-0.053020
-0.052043
-0.039622
-0.024049
-0.014992
-0.018567
-0.033047
-0.047921
-0.048025
-0.021364
0.033666
0.106034
0.175929
0.222356
0.230965
0.199228
0.136914
0.061310
-0.010716
-0.069660
-0.115369
-0.152829
-0.184389
-0.203874
-0.197496
-0.151902
-0.064296
0.052235
0.171652
0.264114
0.306102
0.286788
0.208921
0.085708
-0.063500
-0.216904
-0.353087
-0.453197
-0.502316
-0.490177
-0.411989
-0.270159
-0.076803
0.144529
0.360327
0.533001
0.629566
0.629699
0.530457
0.346790
0.108307
-0.146505
-0.376981
-0.546542
-0.627988
-0.607649
-0.487819
-0.286638
-0.035187
0.227497
0.460373
0.626472
0.698540
0.663624
0.525879
0.306899
0.043066
-0.220341
-0.437819
-0.573402
-0.608658
-0.546036
-0.406460
-0.222546
-0.030266
0.138293
0.259782
0.321976
0.324121
0.275442
0.191893
0.091663
-0.009031
-0.098155
-0.167565
-0.211490
-0.225677
-0.208309
-0.162115
-0.095732
-0.022480
0.043493
0.091816
0.118862
0.127698
0.125221
0.118243
0.110682
0.102873
0.092499
0.076325
0.052496
0.022888
-0.005996
-0.025241
-0.028314
-0.015298
0.006659
0.027098
0.037531
0.035003
0.022345
0.005629
-0.009301
-0.019237
-0.024050
-0.025728
-0.026854
-0.029155
-0.032777
-0.036719
-0.039899
-0.041810
-0.042372
-0.041489
-0.038920
-0.034806
-0.030424
-0.028112
-0.029786
-0.035225
-0.041968
-0.047171
-0.049636
-0.050156
-0.050070
-0.049429
-0.046135
-0.036539
-0.017390
0.011408
0.044733
0.072921
0.086104
0.080230
0.060530
0.039073
0.027151
0.027581
0.032726
0.030045
0.011415
-0.020268
-0.051558
-0.065269
-0.049030
-0.000902
0.069913
0.146187
0.207333
0.234049
0.212651
0.139089
0.021795
-0.118289
-0.251738
-0.348061
-0.383856
-0.348572
-0.246214
-0.093326
0.085197
0.260895
0.406245
0.498649
0.523578
0.476097
0.360265
0.187285
-0.025952
-0.257068
-0.478024
-0.656428
-0.759724
-0.761903
-0.650564
-0.431682
-0.130634
0.210614
0.539617
0.801915
0.950301
0.953207
0.801221
0.511234
0.126973
-0.286271
-0.653883
-0.908930
-1.008214
-0.941200
-0.729092
-0.416234
-0.058512
0.287445
0.572516
0.760478
0.830830
0.779407
0.617237
0.368524
0.068621
-0.238430
-0.504483
-0.684911
-0.748003
-0.683286
-0.505776
-0.253931
0.019410
0.261059
0.431620
0.513844
0.511953
0.443779
0.331278
0.194610
0.051261
-0.082051
-0.188516
-0.253840
-0.271043
-0.243531
-0.183751
-0.108444
-0.033494
0.029507
0.074486
0.100268
0.108875
0.103597
0.087673
0.064007
0.035857
0.007814
-0.014021
-0.023495
-0.017147
0.003350
0.030553
0.052942
0.058796
0.041375
0.003035
-0.044815
-0.086725
-0.110329
-0.111259
-0.093602
-0.066553
-0.039642
-0.018984
-0.006138
0.000479
0.003077
0.002619
-0.001556
-0.010722
-0.024897
-0.040928
-0.051914
-0.049371
-0.028131
0.008599
0.048119
0.073464
0.072814
0.047175
0.010739
-0.016826
-0.021243
-0.000739
0.034497
0.069149
0.091059
0.096098
0.087573
0.071705
0.052959
0.032572
0.010625
-0.011021
-0.028206
-0.037157
-0.038134
-0.036561
-0.039917
-0.051933
-0.068144
-0.076573
-0.064252
-0.026107
0.029681
0.083840
0.114665
0.108035
0.063627
-0.004931
-0.075346
-0.124991
-0.139077
-0.115599
-0.065391
-0.007657
0.037067
0.053994
0.038976
-0.000250
-0.046872
-0.081208
-0.088293
-0.063752
-0.015009
0.042638
0.092459
0.121819
0.125098
0.104396
0.068635
0.030916
0.003877
-0.005751
-0.000543
0.008868
0.009629
-0.006099
-0.036764
-0.072161
-0.098172
-0.102718
-0.080664
-0.036468
0.016529
0.060728
0.081545
0.073979
0.045069
0.010786
-0.011328
-0.010498
0.011903
0.042877
0.064485
0.063403
0.038001
-0.001045
-0.036671
-0.054296
-0.048857
-0.026558
-0.000867
0.014664
0.012852
-0.004425
-0.028167
-0.047386
-0.054476
-0.048035
-0.032016
-0.012280
0.006806
0.023396
0.036511
0.043674
0.040430
0.022905
-0.008134
-0.045112
-0.075920
-0.089715
-0.082441
-0.058440
-0.027475
0.000582
0.020249
0.031835
0.039249
0.045770
0.050725
0.049563
0.037421
0.013832
-0.014460
-0.034802
-0.034326
-0.007583
0.038380
0.085313
0.111874
0.104815
0.066870
0.015960
-0.024705
-0.039817
-0.029956
-0.009319
0.004636
0.002115
-0.014607
-0.035063
-0.048635
-0.050546
-0.042490
-0.029171
-0.014600
-0.000971
0.009963
0.015502
0.012820
0.001623
-0.014034
-0.026969
-0.030601
-0.022555
-0.005834
0.012831
0.026386
0.030928
0.027506
0.021160
0.017709
0.020104
0.026368
0.030483
0.026180
0.011574
-0.008616
-0.025491
-0.031869
-0.027380
-0.018584
-0.013710
-0.016127
-0.021674
-0.021776
-0.009870
0.013262
0.038636
0.053409
0.048220
0.023206
-0.011352
-0.040682
-0.054045
-0.050438
-0.037709
-0.026301
-0.022486
-0.025400
-0.028765
-0.025520
-0.012793
0.005257
0.018713
0.017309
-0.002660
-0.034140
-0.061101
-0.066299
-0.041081
0.008674
0.064597
0.104909
0.115132
0.094367
0.054384
0.013043
-0.014018
-0.019506
-0.006120
0.016399
0.036833
0.047512
0.046260
0.035024
0.017327
-0.003026
-0.021702
-0.033909
-0.036069
-0.028140
-0.014507
-0.002314
0.002072
-0.003519
-0.015827
-0.028006
-0.033437
-0.029130
-0.016831
-0.001794
0.009641
0.012752
0.006778
-0.004255
-0.013386
-0.014784
-0.007673
0.002549
0.006987
-0.001634
-0.024202
-0.053572
-0.077178
-0.082714
-0.063877
-0.023136
0.029643
0.081361
0.120066
0.137628
0.130538
0.100142
0.053353
0.002788
-0.036128
-0.051413
-0.040528
-0.011699
0.020262
0.040485
0.039257
0.014511
-0.027982
-0.076300
-0.116100
-0.135727
-0.130398
-0.103108
-0.062014
-0.016479
0.025746
0.059304
0.080690
0.087763
0.080227
0.060911
0.036413
0.015482
0.005119
0.006736
0.015300
0.022386
0.021130
0.009887
-0.007399
-0.023770
-0.032955
-0.032114
-0.022515
-0.008384
0.004832
0.011849
0.008665
-0.006025
-0.029460
-0.054855
-0.073791
-0.079981
-0.071980
-0.053154
-0.029472
-0.006889
0.010433
0.020835
0.024871
0.024297
0.021086
0.017308
0.015746
0.019896
0.031987
0.049814
0.065697
0.070146
0.058537
0.035578
0.013529
0.004985
0.015196
0.039173
0.065147
0.081360
0.081342
0.064848
0.035469
-0.001891
-0.041623
-0.076906
-0.100102
-0.104731
-0.088090
-0.053364
-0.010238
0.027324
0.046674
0.043093
0.022681
-0.001331
-0.016629
-0.018556
-0.011421
-0.004625
-0.006804
-0.021191
-0.044011
-0.066320
-0.078455
-0.074892
-0.056942
-0.031829
-0.008727
0.006059
0.012070
0.013943
0.017229
0.023531
0.028526
0.024647
0.006913
-0.021842
-0.049895
-0.060875
-0.041392
0.011998
0.089912
0.172184
0.233452
0.250492
0.209732
0.112969
-0.021314
-0.162863
-0.279765
-0.349166
-0.362966
-0.325843
-0.247952
-0.138101
-0.002396
0.151189
0.306691
0.438151
0.514535
0.509860
0.413473
0.235092
0.002414
-0.246485
-0.471517
-0.636595
-0.713142
-0.682854
-0.541187
-0.300825
0.007352
0.337829
0.638150
0.858379
0.959774
0.921294
0.743456
0.449025
0.079958
-0.309039
-0.658784
-0.914235
-1.032972
-0.993200
-0.799758
-0.485396
-0.105194
0.275283
0.594323
0.805858
0.885249
0.829186
0.652796
0.386592
0.072974
-0.239275
-0.502412
-0.677217
-0.739071
-0.682139
-0.521052
-0.288923
-0.031007
0.205151
0.380503
0.472792
0.479654
0.415777
0.305632
0.174966
0.044507
-0.072165
-0.166929
-0.233818
-0.266656
-0.259352
-0.209034
-0.120506
-0.009172
0.100258
0.180163
0.209606
0.183049
0.113506
0.027704
-0.045073
-0.085045
-0.088815
-0.067856
-0.040035
-0.019436
-0.010302
-0.007899
-0.004469
0.004376
0.016905
0.027198
0.029453
0.021368
0.004950
-0.014698
-0.031318
-0.039516
-0.036581
-0.023609
-0.005266
0.011853
0.021472
0.019461
0.004763
-0.020549
-0.051886
-0.083283
-0.108598
-0.122233
-0.119193
-0.095044
-0.046693
0.025489
0.114911
0.207354
0.282883
0.321296
0.309010
0.244050
0.136719
0.005909
-0.126715
-0.241756
-0.324612
-0.365527
-0.358363
-0.299835
-0.190625
-0.038453
0.138719
0.312333
0.447972
0.514600
0.494470
0.388775
0.216463
0.007625
-0.204408
-0.388599
-0.518707
-0.574918
-0.546627
-0.435913
-0.259289
-0.045894
0.167763
0.345209
0.457940
0.491686
0.448485
0.343572
0.199075
0.038337
-0.116709
-0.245889
-0.331586
-0.361665
-0.333510
-0.256305
-0.149105
-0.034820
0.066965
0.144483
0.193523
0.213644
0.204624
0.166504
0.103115
0.025172
-0.051187
-0.110444
-0.143796
-0.150629
-0.135065
-0.101584
-0.053683
0.004043
0.063093
0.110583
0.132685
0.121263
0.080253
0.026759
-0.015820
-0.029777
-0.012874
0.020658
0.048705
0.053900
0.032551
-0.004817
-0.040316
-0.058066
-0.051135
-0.023711
0.011286
0.037613
0.042143
0.020162
-0.022342
-0.070386
-0.105428
-0.112933
-0.089124
-0.043316
0.006317
0.041863
0.054209
0.045661
0.025837
0.004874
-0.010988
-0.019480
-0.019720
-0.010275
0.009886
0.038097
0.065797
0.081070
0.075598
0.050909
0.018145
-0.009207
-0.023917
-0.028090
-0.029009
-0.032207
-0.037613
-0.040824
-0.037110
-0.024602
-0.005172
0.016255
0.032992
0.038530
0.029419
0.008138
-0.016272
-0.031436
-0.027718
-0.003712
0.032355
0.066226
0.083955
0.077640
0.048374
0.005862
-0.035171
-0.060931
-0.064480
-0.048294
-0.021758
0.004484
0.023295
0.032421
0.033091
0.027689
0.017713
0.002837
-0.018088
-0.044356
-0.071182
-0.090362
-0.094120
-0.079847
-0.052437
-0.022216
0.000498
0.010641
0.010041
0.004827
0.000939
0.000732
0.002471
0.002618
-0.000855
-0.006561
-0.010487
-0.008721
-0.000139
0.012592
0.024185
0.029298
0.025083
0.012465
-0.004195
-0.018620
-0.024478
-0.017000
0.005603
0.040678
0.080253
0.112350
0.125232
0.112901
0.078623
0.034318
-0.003970
-0.022405
-0.014925
0.014203
0.052152
0.083065
0.094430
0.080918
0.044752
-0.005697
-0.057867
-0.098253
-0.117513
-0.115070
-0.099244
-0.081891
-0.071143
-0.067357
-0.064517
-0.055516
-0.037461
-0.013560
0.009220
0.024366
0.028695
0.022586
0.008616
-0.009577
-0.027403
-0.039279
-0.039899
-0.027093
-0.004482
0.018535
0.030425
0.023270
-0.002323
-0.035878
-0.060768
-0.062037
-0.034549
0.013398
0.063337
0.095011
0.095601
0.065567
0.018576
-0.024684
-0.046169
-0.038872
-0.009331
0.027061
0.054759
0.065329
0.059620
0.044945
0.029971
0.020191
0.015768
0.012437
0.005077
-0.007656
-0.020520
-0.023414
-0.007757
0.026034
0.065285
0.089489
0.081058
0.036254
-0.030945
-0.095078
-0.131852
-0.129660
-0.093846
-0.042476
0.003071
0.027488
0.026740
0.007734
-0.016394
-0.032837
-0.034538
-0.022135
-0.002127
0.016799
0.027125
0.024981
0.011986
-0.004390
-0.013543
-0.007608
0.012747
0.037311
0.051998
0.047639
0.025592
-0.003616
-0.026967
-0.035920
-0.029377
-0.011907
0.010106
0.030833
0.044727
0.045724
0.028898
-0.005313
-0.047857
-0.082696
-0.093648
-0.072620
-0.024103
0.036818
0.091472
0.125113
0.130804
0.108776
0.063374
0.000331
-0.074034
-0.151674
-0.221180
-0.267884
-0.276992
-0.238764
-0.153060
-0.030865
0.107809
0.238643
0.338556
0.390296
0.384917
0.321974
0.208409
0.057370
-0.112442
-0.277490
-0.411269
-0.488032
-0.488020
-0.402838
-0.239126
-0.018947
0.223615
0.448770
0.618350
0.702444
0.684359
0.563500
0.355856
0.091871
-0.188150
-0.440477
-0.625241
-0.713399
-0.692060
-0.567045
-0.362040
-0.114283
0.132775
0.338421
0.472701
0.520806
0.483038
0.371809
0.207838
0.016866
-0.172865
-0.332984
-0.438259
-0.471185
-0.426614
-0.314191
-0.156957
0.013820
0.166049
0.274135
0.324109
0.315482
0.259674
0.175342
0.081994
-0.005439
-0.078505
-0.133294
-0.167009
-0.176245
-0.158461
-0.115180
-0.053995
0.012478
0.070081
0.107194
0.117972
0.104262
0.075692
0.046943
0.031730
0.035662
0.052670
0.068399
0.068841
0.048553
0.013401
-0.023374
-0.048905
-0.057381
-0.051848
-0.040836
-0.032709
-0.031225
-0.034275
-0.035877
-0.030187
-0.015434
0.004494
0.022080
0.030808
0.029527
0.023404
0.020356
0.025118
0.035338
0.042929
0.039810
0.023448
-0.002046
-0.029401
-0.052475
-0.067863
-0.073792
-0.068936
-0.053046
-0.028737
-0.002211
0.018557
0.027482
0.023583
0.011581
-0.000809
-0.007487
-0.007467
-0.004803
-0.005222
-0.012100
-0.024316
-0.036840
-0.043415
-0.039657
-0.024641
-0.000437
0.029071
0.058611
0.081677
0.091958
0.086094
0.065656
0.036449
0.005749
-0.020274
-0.037752
-0.045594
-0.045776
-0.042826
-0.041904
-0.046314
-0.055742
-0.065794
-0.069007
-0.057585
-0.027506
0.017931
0.067672
0.106582
0.121726
0.108100
0.070930
0.023445
-0.018643
-0.043098
-0.045003
-0.027430
0.000701
0.028477
0.046973
0.051614
0.042133
0.020975
-0.008202
-0.040944
-0.071732
-0.094150
-0.102278
-0.093075
-0.068359
-0.034619
-0.000064
0.029518
0.053164
0.073340
0.091656
0.105122
0.106325
0.088005
0.048932
-0.003256
-0.054350
-0.089482
-0.099335
-0.083673
-0.050599
-0.012136
0.021070
0.042935
0.052127
0.050442
0.040941
0.026699
0.010399
-0.005457
-0.018251
-0.025378
-0.025062
-0.017529
-0.005770
0.005028
0.009556
0.005047
-0.007143
-0.022141
-0.034001
-0.038330
-0.033632
-0.021102
-0.003621
0.015122
0.031054
0.040004
0.038575
0.025817
0.004758
-0.018003
-0.035396
-0.043878
-0.045195
-0.044336
-0.045229
-0.047625
-0.047530
-0.040662
-0.026181
-0.008104
0.006575
0.012079
0.007897
-0.000130
-0.003000
0.005707
0.025324
0.047848
0.062220
0.060765
0.044064
0.021187
0.004929
0.004894
0.022460
0.050192
0.075544
0.086647
0.077418
0.049953
0.013446
-0.019803
-0.039537
-0.041580
-0.029085
-0.010730
0.003348
0.006451
-0.001031
-0.011580
-0.015060
-0.005679
0.012934
0.028382
0.026429
0.000670
-0.041267
-0.080137
-0.095884
-0.080038
-0.040850
0.002451
0.031606
0.038661
0.027133
0.006472
-0.014364
-0.029749
-0.036826
-0.034736
-0.025352
-0.013842
-0.006553
-0.006783
-0.012121
-0.016338
-0.014641
-0.007805
-0.001589
-0.001814
-0.009087
-0.017486
-0.018450
-0.006985
0.014359
0.036591
0.049709
0.048972
0.037932
0.025988
0.021750
0.026739
0.034070
0.033340
0.018411
-0.007347
-0.032049
-0.042076
-0.030436
-0.001546
0.030513
0.049298
0.044560
0.017179
-0.021922
-0.057438
-0.076215
-0.071593
-0.044696
-0.003437
0.039988
0.072825
0.086099
0.077928
0.053851
0.023505
-0.004388
-0.025104
-0.037153
-0.039533
-0.030695
-0.010600
0.016418
0.041434
0.054639
0.050830
0.032801
0.009977
-0.007098
-0.012913
-0.009809
-0.005777
-0.008874
-0.022113
-0.042063
-0.061372
-0.072749
-0.071885
-0.058625
-0.036970
-0.014151
0.001611
0.004505
-0.005848
-0.023870
-0.040737
-0.048702
-0.044218
-0.028296
-0.004833
0.021190
0.044471
0.059603
0.062088
0.050643
0.029180
0.006050
-0.009982
-0.014424
-0.008954
0.000678
0.008971
0.014124
0.018349
0.024918
0.034263
0.042383
0.043173
0.032972
0.013695
-0.007807
-0.023247
-0.026667
-0.016678
0.003073
0.025131
0.041048
0.044904
0.035848
0.018288
-0.000210
-0.012204
-0.013478
-0.004768
0.008512
0.018499
0.018312
0.005392
-0.016906
-0.040608
-0.056932
-0.060663
-0.052866
-0.040476
-0.032684
-0.035576
-0.047961
-0.061134
-0.063210
-0.045778
-0.009121
0.036923
0.077019
0.097432
0.092687
0.068176
0.037084
0.013193
0.003699
0.006171
0.011214
0.008939
-0.004910
-0.026894
-0.048571
-0.061334
-0.059978
-0.043820
-0.016516
0.014372
0.038834
0.047938
0.038328
0.014515
-0.013233
-0.034113
-0.041473
-0.034380
-0.016189
0.007975
0.032973
0.053945
0.065902
0.064169
0.046526
0.015968
-0.018403
-0.044163
-0.051320
-0.037927
-0.011984
0.012283
0.022382
0.015153
-0.001161
-0.012319
-0.007814
0.011566
0.033699
0.042823
0.029711
-0.002492
-0.040089
-0.066371
-0.070095
-0.050629
-0.017703
0.013721
0.030694
0.027898
0.009132
-0.015356
-0.033762
-0.037752
-0.025923
-0.004197
0.017473
0.030324
0.030576
0.019809
0.002669
-0.015774
-0.031267
-0.040176
-0.039337
-0.027202
-0.005553
0.020195
0.042941
0.056780
0.058988
0.050453
0.035074
0.018597
0.006863
0.003582
0.008616
0.017916
0.025288
0.024983
0.014012
-0.006390
-0.030601
-0.050270
-0.057725
-0.049791
-0.029786
-0.006085
0.012191
0.019696
0.016921
0.009163
0.003651
0.006204
0.018333
0.035960
0.050876
0.054585
0.042464
0.016051
-0.017373
-0.047405
-0.064316
-0.062855
-0.044674
-0.018131
0.004974
0.014637
0.007443
-0.011633
-0.031620
-0.041295
-0.035578
-0.018793
-0.002195
0.003197
-0.006291
-0.024793
-0.040669
-0.043052
-0.026998
0.004852
0.043608
0.077078
0.093422
0.085179
0.052833
0.005933
-0.040015
-0.070205
-0.077175
-0.063427
-0.038707
-0.014101
0.003229
0.012000
0.015386
0.018025
0.023423
0.032629
0.044061
0.054107
0.058353
0.053236
0.037665
0.014313
-0.009653
-0.023465
-0.016875
0.012992
0.056458
0.093257
0.102559
0.075094
0.018968
-0.044742
-0.093232
-0.112708
-0.102858
-0.074215
-0.041542
-0.017346
-0.007949
-0.012548
-0.024749
-0.035812
-0.038391
-0.029364
-0.010711
0.011787
0.031369
0.043206
0.045801
0.040389
0.029270
0.014499
-0.002471
-0.020413
-0.037635
-0.051288
-0.057547
-0.053434
-0.039443
-0.020437
-0.003065
0.008883
0.017208
0.027103
0.041329
0.055861
0.061175
0.048489
0.016273
-0.027216
-0.066623
-0.086048
-0.076624
-0.041286
0.006264
0.048217
0.071296
0.072649
0.059964
0.046199
0.042224
0.051396
0.068398
0.082333
0.082348
0.063289
0.028745
-0.010379
-0.041422
-0.056576
-0.056248
-0.047198
-0.037478
-0.032053
-0.031258
-0.031754
-0.029130
-0.021389
-0.011452
-0.005915
-0.009816
-0.021589
-0.033239
-0.036183
-0.027889
-0.013893
-0.003912
-0.005226
-0.017983
-0.035300
-0.047722
-0.048953
-0.039175
-0.024060
-0.010556
-0.002552
0.000927
0.004462
0.013147
0.029402
0.051145
0.072212
0.085041
0.084591
0.071441
0.051961
0.035045
0.027197
0.028783
0.033514
0.031577
0.015202
-0.016039
-0.053415
-0.082441
-0.090238
-0.072757
-0.037368
0.000843
0.026658
0.031640
0.017212
-0.006730
-0.026765
-0.032530
-0.021831
-0.001428
0.016898
0.022542
0.011395
-0.011966
-0.036158
-0.048335
-0.040539
-0.013850
0.021853
0.052394
0.065983
0.058981
0.037816
0.015553
0.004390
0.008364
0.021185
0.030704
0.026630
0.006247
-0.024802
-0.055936
-0.076752
-0.081415
-0.070661
-0.050662
-0.029208
-0.011248
0.003419
0.018628
0.037423
0.058028
0.073743
0.077328
0.066468
0.045741
0.023552
0.006761
-0.002663
-0.006933
-0.009328
-0.011833
-0.015040
-0.019309
-0.025392
-0.033748
-0.043209
-0.050612
-0.052323
-0.046613
-0.034697
-0.019628
-0.004413
0.008950
0.019314
0.026076
0.029340
0.030025
0.029132
0.026357
0.019613
0.006704
-0.011900
-0.031916
-0.047043
-0.052178
-0.045594
-0.029128
-0.006881
0.016877
0.039698
0.061358
0.081673
0.097090
0.099395
0.079140
0.032846
-0.030636
-0.090090
-0.120460
-0.106347
-0.052291
0.017688
0.072195
0.089024
0.065835
0.018961
-0.027533
-0.054769
-0.056728
-0.040146
-0.018693
-0.005330
-0.006293
-0.018799
-0.033132
-0.038021
-0.026682
-0.000454
0.031698
0.057458
0.067085
0.057995
0.035551
0.009726
-0.010091
-0.018889
-0.016583
-0.006076
0.008832
0.024147
0.035375
0.037755
0.027919
0.006166
-0.022616
-0.050745
-0.071337
-0.080897
-0.078900
-0.065567
-0.041208
-0.008525
0.024953
0.048366
0.053311
0.039726
0.016987
-0.001035
-0.003844
0.009968
0.032616
0.052343
0.060328
0.054924
0.040854
0.024408
0.008409
-0.009072
-0.031270
-0.057528
-0.081042
-0.091975
-0.083907
-0.058889
-0.027343
-0.002693
0.005926
-0.001555
-0.016569
-0.026891
-0.023004
-0.002544
0.028961
0.061017
0.083187
0.089492
0.079878
0.058589
0.031413
0.003842
-0.019372
-0.033956
-0.036136
-0.023795
0.001215
0.031373
0.054935
0.061059
0.045747
0.014514
-0.020165
-0.045114
-0.052719
-0.043798
-0.025866
-0.008510
0.000887
-0.001008
-0.013545
-0.032601
-0.051413
-0.062540
-0.060683
-0.044789
-0.018255
0.012626
0.041024
0.061678
0.071900
0.071158
0.059937
0.039387
0.012518
-0.014468
-0.033113
-0.036536
-0.023904
-0.002220
0.016486
0.021570
0.010054
-0.011562
-0.031577
-0.040617
-0.037150
-0.027438
-0.020535
-0.022092
-0.030941
-0.040108
-0.040966
-0.027835
-0.000966
0.032907
0.062769
0.078058
0.073918
0.053651
0.026601
0.003245
-0.008910
-0.006672
0.009236
0.034478
0.061101
0.078673
0.077498
0.052908
0.008170
-0.046072
-0.095854
-0.129104
-0.139228
-0.126154
-0.095839
-0.058899
-0.027623
-0.011115
-0.010743
-0.019213
-0.024409
-0.015758
0.010479
0.049297
0.088792
0.115007
0.118045
0.096647
0.058617
0.016816
-0.016720
-0.034935
-0.036323
-0.023050
0.000805
0.029664
0.056341
0.072923
0.073089
0.055031
0.023293
-0.012044
-0.039196
-0.049942
-0.043405
-0.026036
-0.007932
0.002120
0.000234
-0.011549
-0.026631
-0.037084
-0.037656
-0.028595
-0.015350
-0.005068
-0.002248
-0.006329
-0.012415
-0.014302
-0.008017
0.005937
0.022574
0.034372
0.034163
0.018174
-0.011487
-0.046253
-0.073959
-0.084748
-0.076603
-0.056226
-0.034219
-0.018194
-0.009088
-0.002908
0.004530
0.014287
0.024617
0.033581
0.040882
0.047203
0.052037
0.052766
0.046719
0.034710
0.022227
0.016079
0.018900
0.026533
0.030838
0.025378
0.009478
-0.011379
-0.027839
-0.030416
-0.014184
0.017063
0.050258
0.068259
0.058958
0.022715
-0.027254
-0.072101
-0.097060
-0.097212
-0.076850
-0.045114
-0.011874
0.014787
0.030366
0.035077
0.033021
0.029156
0.025982
0.022386
0.015359
0.003186
-0.012335
-0.026218
-0.032915
-0.029583
-0.018093
-0.004572
0.003623
0.002063
-0.007813
-0.019036
-0.022986
-0.014706
0.003839
0.024820
0.039020
0.040656
0.029855
0.012068
-0.004894
-0.014897
-0.016782
-0.014848
-0.015477
-0.021576
-0.028955
-0.028238
-0.011886
0.018498
0.050351
0.066085
0.053548
0.014471
-0.034683
-0.070329
-0.073559
-0.039548
0.020294
0.083871
0.128211
0.138599
0.113133
0.061338
-0.001463
-0.060209
-0.103587
-0.124956
-0.122616
-0.100228
-0.066120
-0.030443
-0.001437
0.016859
0.024578
0.024536
0.020339
0.014718
0.008712
0.001934
-0.006403
-0.016146
-0.024988
-0.028313
-0.020976
-0.000504
0.030314
0.063374
0.088108
0.095953
0.084153
0.056799
0.022634
-0.008964
-0.031614
-0.043519
-0.046542
-0.043784
-0.037709
-0.030025
-0.022523
-0.017183
-0.015302
-0.016879
-0.020970
-0.026180
-0.030278
-0.029505
-0.019349
0.002543
0.032982
0.062203
0.076741
0.065664
0.027277
-0.027898
-0.080762
-0.112592
-0.114026
-0.088508
-0.048383
-0.007043
0.027270
0.052626
0.070450
0.081891
0.086452
0.083339
0.073612
0.060695
0.048567
0.039377
0.032882
0.028024
0.024543
0.022582
0.020894
0.016194
0.005119
-0.012558
-0.032302
-0.046510
-0.048861
-0.038703
-0.022575
-0.011415
-0.014429
-0.032887
-0.057838
-0.073875
-0.067335
-0.034290
0.016307
0.066116
0.095673
0.093299
0.060342
0.010098
-0.039210
-0.073655
-0.089639
-0.093175
-0.093505
-0.095739
-0.097379
-0.090747
-0.069555
-0.035057
0.002818
0.030587
0.039357
0.030533
0.015313
0.008203
0.018521
0.045090
0.077261
0.101274
0.107558
0.094547
0.067812
0.036590
0.010252
-0.004335
-0.004669
0.006568
0.022508
0.035033
0.038456
0.032064
0.020081
0.008791
0.002327
-0.000111
-0.003368
-0.012169
-0.026842
-0.042320
-0.051242
-0.048804
-0.035853
-0.018235
-0.003337
0.003443
0.000280
-0.011220
-0.026524
-0.038902
-0.041637
-0.031749
-0.012629
0.007124
0.018303
0.016014
0.001963
-0.016792
-0.031553
-0.036007
-0.028447
-0.011352
0.010601
0.032224
0.048369
0.054196
0.046386
0.025358
-0.003097
-0.028696
-0.040632
-0.032913
-0.007854
0.024817
0.052931
0.067724
0.066926
0.053924
0.034807
0.015745
0.001547
-0.005415
-0.006349
-0.006165
-0.011015
-0.023765
-0.040606
-0.052392
-0.050893
-0.035695
-0.016075
-0.005791
-0.014229
-0.039946
-0.070665
-0.089566
-0.084248
-0.053525
-0.008466
0.032869
0.054312
0.049613
0.025395
-0.002838
-0.019602
-0.017683
-0.000337
0.023221
0.044411
0.058731
0.065008
0.063396
0.055127
0.043869
0.035894
0.036911
0.047011
0.058217
0.058039
0.037568
-0.001656
-0.047175
-0.081951
-0.093180
-0.078179
-0.044608
-0.006015
0.024245
0.037838
0.033539
0.016347
-0.005560
-0.024434
-0.035318
-0.036450
-0.028548
-0.014228
0.002430
0.016796
0.024979
0.024721
0.015633
-0.000782
-0.021082
-0.040287
-0.053269
-0.056820
-0.051191
-0.039867
-0.027471
-0.017043
-0.008618
-0.000267
0.009177
0.018081
0.022656
0.020085
0.011684
0.003323
0.002302
0.012488
0.030942
0.048578
0.054869
0.043823
0.017459
-0.015106
-0.041784
-0.052219
-0.041172
-0.010036
0.033526
0.077744
0.110317
0.122362
0.111321
0.081563
0.042281
0.003822
-0.025521
-0.041037
-0.042026
-0.032114
-0.018826
-0.011052
-0.014870
-0.030541
-0.052996
-0.075243
-0.091849
-0.100128
-0.099062
-0.087984
-0.066764
-0.037282
-0.004526
0.024167
0.041784
0.044889
0.035477
0.019977
0.005659
-0.003380
-0.007811
-0.011102
-0.015597
-0.019837
-0.019253
-0.009553
0.009890
0.034923
0.058032
0.071126
0.068546
0.049731
0.020580
-0.007974
-0.024589
-0.023097
-0.005355
0.020543
0.045025
0.061234
0.066505
0.061443
0.048056
0.028204
0.003373
-0.024058
-0.049461
-0.066399
-0.069146
-0.055755
-0.029724
0.000650
0.024941
0.034169
0.023995
-0.003320
-0.038714
-0.068330
-0.077952
-0.059029
-0.013878
0.043030
0.089594
0.105561
0.082826
0.030717
-0.027738
-0.067268
-0.073043
-0.047276
-0.006591
0.027461
0.039174
0.025370
-0.004547
-0.034282
-0.048923
-0.042035
-0.018378
0.009126
0.026614
0.026665
0.011872
-0.007092
-0.017631
-0.012237
0.007373
0.031175
0.046298
0.044053
0.024505
-0.004159
-0.030808
-0.047413
-0.052111
-0.048043
-0.039730
-0.030002
-0.019498
-0.008414
0.001648
0.007879
0.008531
0.005053
0.001807
0.003320
0.011189
0.022876
0.033056
0.036572
0.031337
0.019578
0.006512
-0.002923
-0.007142
-0.008523
-0.011068
-0.016812
-0.023595
-0.025849
-0.017968
0.001799
0.029191
0.054864
0.068276
0.062779
0.039142
0.005524
-0.025946
-0.044098
-0.043019
-0.024135
0.004561
0.031732
0.046997
0.044549
0.024941
-0.005099
-0.034495
-0.051190
-0.046668
-0.020243
0.019243
0.056145
0.074747
0.066856
0.035969
-0.004643
-0.038955
-0.056161
-0.054965
-0.042072
-0.026541
-0.014015
-0.004526
0.005203
0.017099
0.028295
0.031441
0.018797
-0.012457
-0.057071
-0.102635
-0.133969
-0.139027
-0.113957
-0.064995
-0.006096
0.046505
0.080093
0.089394
0.077567
0.054145
0.030702
0.016079
0.013378
0.020072
0.030596
0.039382
0.042659
0.038978
0.029354
0.017141
0.006639
0.000229
-0.003876
-0.010586
-0.023747
-0.042274
-0.060104
-0.070074
-0.068390
-0.056231
-0.037864
-0.017462
0.002714
0.021765
0.038196
0.048661
0.049189
0.038718
0.022144
0.009506
0.010713
0.028956
0.057368
0.081639
0.087630
0.069712
0.034658
-0.001723
-0.023634
-0.024546
-0.010702
0.003475
0.004807
-0.010861
-0.037496
-0.064135
-0.081876
-0.087446
-0.081832
-0.066682
-0.042511
-0.010467
0.024447
0.052525
0.062928
0.049935
0.017868
-0.018888
-0.041892
-0.038295
-0.008743
0.032012
0.063090
0.069333
0.049460
0.015827
-0.013223
-0.023567
-0.012554
0.010219
0.028902
0.030764
0.013531
-0.013608
-0.035983
-0.042751
-0.033748
-0.019487
-0.014411
-0.027680
-0.057047
-0.089322
-0.107167
-0.098538
-0.063597
-0.015259
0.027160
0.047966
0.043248
0.022301
0.001410
-0.006020
0.003305
0.022181
0.038893
0.045299
0.041942
0.037155
0.040650
0.055702
0.075593
0.087372
0.080474
0.053912
0.016934
-0.016918
-0.037837
-0.044600
-0.043662
-0.043660
-0.048997
-0.056487
-0.057163
-0.042172
-0.009190
0.034817
0.076571
0.103568
0.110578
0.101002
0.082356
0.059902
0.033895
0.002262
-0.034495
-0.070846
-0.098231
-0.109740
-0.103870
-0.084709
-0.058905
-0.032325
-0.008920
0.008438
0.017355
0.016802
0.008475
-0.003035
-0.011715
-0.012520
-0.003729
0.011649
0.026344
0.031726
0.022471
0.000637
-0.024056
-0.039180
-0.037200
-0.020292
0.001375
0.016434
0.018885
0.009999
-0.004514
-0.018845
-0.029651
-0.035890
-0.037244
-0.033047
-0.022581
-0.006194
0.013722
0.032651
0.045173
0.047108
0.037453
0.019146
-0.001560
-0.016892
-0.020313
-0.009690
0.010696
0.031102
0.040676
0.033255
0.011165
-0.015560
-0.034264
-0.035887
-0.018747
0.011529
0.044830
0.070253
0.079513
0.069612
0.044114
0.012089
-0.015383
-0.029742
-0.028252
-0.014281
0.005518
0.025054
0.040748
0.050556
0.051959
0.041727
0.018331
-0.014787
-0.048041
-0.068651
-0.067066
-0.043288
-0.008684
0.018748
0.023466
0.000513
-0.042188
-0.088378
-0.121594
-0.132091
-0.119558
-0.091220
-0.056827
-0.023480
0.006387
0.032714
0.053846
0.065205
0.062312
0.045375
0.020970
-0.000943
-0.012109
-0.009299
0.005574
0.027221
0.049031
0.064963
0.071205
0.067089
0.054882
0.038742
0.023374
0.012589
0.007921
0.008003
0.009389
0.008545
0.003783
-0.004063
-0.012326
-0.017788
-0.017941
-0.012154
-0.002482
0.006734
0.010886
0.007651
-0.001859
-0.014238
-0.026124
-0.035766
-0.042675
-0.046042
-0.043967
-0.034857
-0.019937
-0.004157
0.005989
0.006207
-0.003289
-0.018442
-0.033865
-0.044994
-0.048908
-0.044516
-0.032862
-0.017140
-0.001772
0.009271
0.014281
0.015100
0.016829
0.025113
0.041949
0.062928
0.078456
0.078750
0.059692
0.025916
-0.010856
-0.037375
-0.045112
-0.033662
-0.009731
0.017026
0.038441
0.050070
0.050928
0.042316
0.027235
0.010109
-0.004378
-0.013364
-0.017119
-0.018196
-0.018988
-0.019791
-0.018890
-0.014237
-0.005050
0.007838
0.022503
0.036339
0.046122
0.048439
0.040847
0.023100
-0.002454
-0.031334
-0.057655
-0.075063
-0.078343
-0.065606
-0.039745
-0.007984
0.020231
0.036000
0.033903
0.014695
-0.013701
-0.038590
-0.048096
-0.037123
-0.010206
0.020384
0.040201
0.039015
0.015086
-0.024337
-0.066014
-0.095614
-0.102841
-0.085290
-0.049462
-0.007875
0.026596
0.045886
0.048566
0.038365
0.021631
0.005471
-0.003601
-0.001337
0.012419
0.032984
0.052238
0.061997
0.057781
0.040959
0.018134
-0.001855
-0.011923
-0.009936
0.000484
0.012160
0.018423
0.016600
0.008787
-0.000224
-0.005954
-0.006052
-0.000149
0.011187
0.026608
0.042643
0.052459
0.047288
0.021311
-0.022642
-0.071239
-0.105443
-0.109902
-0.081200
-0.029652
0.026418
0.070172
0.093627
0.098829
0.093155
0.082819
0.069145
0.049461
0.021061
-0.015031
-0.053019
-0.084463
-0.102082
-0.102768
-0.087926
-0.061655
-0.029148
0.003285
0.028134
0.038778
0.033234
0.016335
-0.002446
-0.014852
-0.019287
-0.021373
-0.028740
-0.044073
-0.061957
-0.071910
-0.065122
-0.040134
-0.004082
0.030830
0.053494
0.059183
0.050857
0.036072
0.022329
0.014195
0.012997
0.017595
0.025174
0.032367
0.036814
0.037965
0.036190
0.031195
0.021927
0.008498
-0.006135
-0.017369
-0.022675
-0.024381
-0.028471
-0.039952
-0.058344
-0.076830
-0.085873
-0.079007
-0.056956
-0.027482
-0.001314
0.013071
0.012950
0.001828
-0.012591
-0.021542
-0.018285
-0.000445
0.028897
0.061810
0.087955
0.098326
0.089074
0.063676
0.031799
0.004561
-0.011497
-0.017632
-0.020622
-0.026535
-0.035562
-0.042131
-0.039941
-0.027381
-0.008968
0.007738
0.016800
0.016848
0.011213
0.006167
0.008512
0.023086
0.050341
0.084881
0.116478
0.134193
0.131819
0.111220
0.081312
0.053552
0.036907
0.034747
0.044248
0.058033
0.067481
0.066510
0.054044
0.033962
0.012729
-0.003993
-0.014067
-0.019518
-0.024523
