-0.031685
-0.039227
-0.042021
-0.036972
-0.029236
-0.033618
-0.067945
-0.141299
-0.245194
-0.354812
-0.440406
-0.481534
-0.475400
-0.435690
-0.384747
-0.344200
-0.327027
-0.331770
-0.340125
-0.320622
-0.240209
-0.080861
0.147574
0.408293
0.654603
0.852655
0.992857
1.080750
1.115126
1.072871
0.916521
0.623380
0.216172
-0.230599
-0.619500
-0.878198
-0.993822
-1.009620
-0.986909
-0.958373
-0.903046
-0.759023
-0.466814
-0.016842
0.528849
1.053859
1.431425
1.569316
1.437058
1.072439
0.571070
0.060200
-0.340726
-0.560094
-0.595262
-0.503600
-0.369866
-0.268106
-0.235405
-0.266032
-0.324333
-0.367230
-0.364832
-0.311161
-0.223657
-0.134880
-0.080139
-0.083044
-0.141617
-0.220748
-0.258195
-0.187330
0.028855
0.367367
0.738106
1.013108
1.085320
0.926214
0.604356
0.249377
-0.016510
-0.135949
-0.131195
-0.075166
-0.042027
-0.065904
-0.126726
-0.166986
-0.129413
0.003775
0.191793
0.350269
0.395233
0.290570
0.067999
-0.193439
-0.412919
-0.547179
-0.601098
-0.609730
-0.609640
-0.619319
-0.637824
-0.657545
-0.679026
-0.716152
-0.786855
-0.894100
-1.009546
-1.073494
-1.016892
-0.797290
-0.428826
0.014161
0.426057
0.716392
0.846638
0.837748
0.749086
0.645556
0.571441
0.540449
0.540993
0.549820
0.546172
0.520812
0.477777
0.430175
0.393043
0.376348
0.380642
0.396999
0.411191
0.410197
0.388245
0.349944
0.309275
0.284534
0.290662
0.331759
0.397370
0.465390
0.511614
0.522181
0.502641
0.477904
0.480956
0.533766
0.628792
0.721339
0.740089
0.615614
0.316684
-0.124397
-0.615948
-1.044237
-1.324965
-1.438015
-1.425894
-1.361164
-1.305881
-1.285871
-1.289832
-1.288649
-1.260997
-1.210080
-1.162508
-1.150622
-1.188412
-1.254437
-1.292111
-1.230083
-1.015626
-0.645247
-0.174665
0.300756
0.686663
0.929021
1.030641
1.038651
1.013767
1.000130
1.010764
1.033126
1.048259
1.050649
1.055984
1.090870
1.169184
1.269080
1.327206
1.259716
1.005215
0.569163
0.042397
-0.423588
-0.677578
-0.636125
-0.323467
0.135108
0.562784
0.801469
0.772349
0.500841
0.096418
-0.300854
-0.579734
-0.695558
-0.673477
-0.583165
-0.501446
-0.478296
-0.516001
-0.567487
-0.556646
-0.416581
-0.131169
0.242135
0.586576
0.777281
0.744023
0.507684
0.166831
-0.155932
-0.372441
-0.458370
-0.443977
-0.382112
-0.317895
-0.275070
-0.258772
-0.265339
-0.289902
-0.327903
-0.372407
-0.412293
-0.435459
-0.436345
-0.421826
-0.409046
-0.414663
-0.442338
-0.477365
-0.492586
-0.462404
-0.377150
-0.250392
-0.115835
-0.015422
0.016255
-0.034600
-0.154193
-0.303413
-0.428982
-0.479996
-0.423721
-0.254643
0.005765
0.316736
0.629429
0.898484
1.091890
1.197228
1.222559
1.191928
1.137478
1.090700
1.074425
1.096341
1.145180
1.191319
1.193251
1.109889
0.915998
0.615073
0.242951
-0.140891
-0.470583
-0.691342
-0.770734
-0.703208
-0.511036
-0.242952
0.032042
0.238621
0.315460
0.235042
0.013891
-0.292540
-0.609151
-0.867076
-1.025730
-1.082258
-1.065446
-1.018604
-0.980851
-0.975525
-1.008463
-1.071853
-1.146885
-1.202878
-1.197754
-1.087130
-0.843489
-0.476517
-0.039851
0.384526
0.717786
0.913223
0.966285
0.903560
0.762458
0.575925
0.368509
0.160448
-0.027317
-0.171892
-0.251323
-0.249875
-0.164003
-0.007188
0.189526
0.384479
0.538875
0.630215
0.657893
0.638604
0.596258
0.553267
0.526172
0.523454
0.542548
0.566928
0.568219
0.517277
0.401338
0.237277
0.071015
-0.038729
-0.044270
0.071709
0.289219
0.556117
0.799666
0.940431
0.909488
0.670780
0.243186
-0.292155
-0.812340
-1.197817
-1.380222
-1.367359
-1.233816
-1.084199
-1.006199
-1.031669
-1.120283
-1.174026
-1.080456
-0.769345
-0.256882
0.346850
0.874254
1.164171
1.123910
0.764029
0.194757
-0.411983
-0.878915
-1.076407
-0.954840
-0.550407
0.031866
0.649886
1.161823
1.459428
1.489971
1.263834
0.847825
0.344526
-0.139649
-0.527386
-0.787653
-0.926194
-0.956732
-0.876121
-0.664566
-0.312580
0.145425
0.618235
0.980366
1.121405
0.995429
0.642535
0.170496
-0.292881
-0.650596
-0.864451
-0.948719
-0.938443
-0.855539
-0.695213
-0.439871
-0.087510
0.328842
0.746270
1.097401
1.336464
1.448246
1.438508
1.319378
1.103999
0.812501
0.479238
0.150398
-0.129479
-0.333780
-0.462513
-0.538199
-0.591349
-0.643729
-0.699227
-0.747926
-0.780196
-0.799515
-0.822349
-0.862611
-0.910704
-0.923214
-0.834618
-0.589412
-0.179027
0.338324
0.848940
1.222210
1.357705
1.219884
0.848170
0.340797
-0.180861
-0.614113
-0.905597
-1.056808
-1.103027
-1.079465
-0.995974
-0.835532
-0.575688
-0.217114
0.200441
0.604997
0.917097
1.078168
1.069283
0.914621
0.671097
0.409581
0.194261
0.066034
0.034170
0.078204
0.159116
0.235548
0.278756
0.280612
0.252060
0.213770
0.184371
0.172662
0.177470
0.193585
0.218038
0.251324
0.292654
0.333160
0.352904
0.325453
0.229109
0.059281
-0.165160
-0.406172
-0.620445
-0.775830
-0.860790
-0.881568
-0.850270
-0.773422
-0.649397
-0.475714
-0.259941
-0.026265
0.186698
0.336359
0.390556
0.339515
0.199699
0.008218
-0.188489
-0.346331
-0.432592
-0.432058
-0.350300
-0.212722
-0.057515
0.076983
0.166141
0.207131
0.216254
0.216717
0.224438
0.240507
0.253927
0.251298
0.226430
0.184158
0.137126
0.098644
0.076457
0.070723
0.076054
0.085163
0.091871
0.092661
0.086761
0.075130
0.059159
0.040085
0.019590
0.000789
-0.012065
-0.015913
-0.011593
-0.004032
0.000973
0.001141
-0.000204
0.003997
0.019720
0.046781
0.076527
0.094434
0.087308
0.051378
-0.004058
-0.060594
-0.100154
-0.113651
-0.103585
-0.080464
-0.056751
-0.041867
-0.039649
-0.048202
-0.061572
-0.072312
-0.074153
-0.064347
-0.045147
-0.023398
-0.007709
-0.004195
-0.013042
-0.027872
-0.038634
-0.036917
-0.020936
0.002991
0.023734
0.031524
0.023180
0.003245
-0.019426
-0.037095
-0.046749
-0.049557
-0.047369
-0.039990
-0.025924
-0.005517
0.016888
0.033959
0.038764
0.028217
0.004900
-0.023129
-0.044469
-0.048350
-0.029604
0.007701
0.050788
0.083691
0.095117
0.083924
0.058913
0.033343
0.017712
0.014985
0.020662
0.027067
0.028692
0.025066
0.019634
0.016115
0.015415
0.015254
0.012198
0.004127
-0.008487
-0.022796
-0.034876
-0.041529
-0.041661
-0.036336
-0.027557
-0.017022
-0.006007
0.003836
0.010081
0.010414
0.004188
-0.006785
-0.018943
-0.028589
-0.033272
-0.032150
-0.025345
-0.012928
0.005553
0.030093
0.057931
0.081769
0.091138
0.077646
0.041291
-0.007042
-0.049730
-0.071122
-0.065152
-0.037452
-0.001710
0.026953
0.038435
0.031645
0.014526
-0.000195
-0.001845
0.012296
0.035565
0.055904
0.062805
0.052889
0.030865
0.005733
-0.014882
-0.028700
-0.039148
-0.052336
-0.072335
-0.097325
-0.119221
-0.127547
-0.115341
-0.083248
-0.039306
0.004896
0.038775
0.055696
0.054145
0.037870
0.014702
-0.006606
-0.020555
-0.027144
-0.029844
-0.030515
-0.025963
-0.010093
0.019530
0.056582
0.087535
0.099425
0.088108
0.060791
0.031211
0.011195
0.004458
0.006159
0.007577
0.002209
-0.010586
-0.026126
-0.038034
-0.042098
-0.037961
-0.028037
-0.014898
0.000791
0.020204
0.044045
0.069693
0.090164
0.096275
0.081304
0.045678
-0.001221
-0.043751
-0.066531
-0.061785
-0.033684
0.002882
0.028992
0.030896
0.007155
-0.030321
-0.062327
-0.072338
-0.054827
-0.017483
0.023482
0.051947
0.059407
0.047391
0.024250
-0.000549
-0.020537
-0.032878
-0.036686
-0.031534
-0.017758
0.001853
0.020846
0.030186
0.021823
-0.007154
-0.052653
-0.105361
-0.154596
-0.191154
-0.207702
-0.198069
-0.157689
-0.085762
0.012281
0.123840
0.230488
0.311394
0.348166
0.330020
0.257554
0.143210
0.007749
-0.125710
-0.237063
-0.311777
-0.340748
-0.319182
-0.246282
-0.126526
0.028184
0.197490
0.354324
0.469359
0.516875
0.480892
0.360597
0.173247
-0.047808
-0.260992
-0.428131
-0.524698
-0.543590
-0.491287
-0.380510
-0.225393
-0.041770
0.149970
0.323895
0.451582
0.508363
0.480570
0.371389
0.202626
0.010118
-0.166651
-0.296249
-0.362674
-0.365772
-0.316454
-0.230410
-0.123335
-0.009068
0.099673
0.189897
0.248605
0.265510
0.236861
0.168078
0.073560
-0.026663
-0.112238
-0.167674
-0.185658
-0.167895
-0.123681
-0.066706
-0.010863
0.033587
0.062007
0.074737
0.074337
0.062789
0.041081
0.011642
-0.018843
-0.039818
-0.041666
-0.022324
0.009264
0.036237
0.042473
0.021815
-0.017964
-0.059060
-0.083093
-0.080306
-0.053271
-0.013914
0.022981
0.045644
0.048772
0.034780
0.012773
-0.005325
-0.010511
-0.001283
0.015896
0.030672
0.034715
0.025716
0.007662
-0.011682
-0.024214
-0.024627
-0.012306
0.008784
0.032094
0.051162
0.061579
0.061533
0.051340
0.033040
0.010619
-0.009999
-0.022600
-0.023970
-0.016605
-0.008175
-0.007265
-0.017856
-0.036233
-0.052751
-0.057673
-0.047220
-0.025623
-0.001961
0.015603
0.024075
0.025886
0.025613
0.025872
0.025308
0.019965
0.006835
-0.013214
-0.035354
-0.053391
-0.062785
-0.061898
-0.051274
-0.032612
-0.008831
0.015202
0.033022
0.038973
0.031552
0.015274
-0.000642
-0.006443
0.003099
0.025368
0.050414
0.065504
0.061460
0.037597
0.002812
-0.028012
-0.041247
-0.031981
-0.007184
0.017875
0.028227
0.017749
-0.007387
-0.032359
-0.042270
-0.030655
-0.002968
0.026888
0.044649
0.043320
0.025783
0.001398
-0.020361
-0.034487
-0.040498
-0.039196
-0.030010
-0.011753
0.013851
0.039537
0.054102
0.048156
0.020292
-0.020590
-0.058540
-0.077965
-0.071631
-0.044867
-0.012945
0.007553
0.008153
-0.007333
-0.026008
-0.033427
-0.020502
0.013174
0.059588
0.104855
0.133158
0.131617
0.094992
0.028273
-0.054452
-0.134555
-0.194670
-0.222982
-0.214324
-0.168532
-0.088577
0.019062
0.142088
0.261280
0.353269
0.396548
0.377579
0.294432
0.157395
-0.013193
-0.191511
-0.351887
-0.472726
-0.536884
-0.530314
-0.443350
-0.276430
-0.046683
0.210605
0.448559
0.620874
0.694035
0.654933
0.512215
0.292511
0.033636
-0.223405
-0.441993
-0.595063
-0.666516
-0.649766
-0.546214
-0.365837
-0.129504
0.129875
0.370561
0.550277
0.636760
0.615902
0.494217
0.295882
0.057150
-0.179608
-0.372258
-0.486481
-0.503656
-0.426062
-0.276577
-0.092446
0.084886
0.220669
0.295021
0.305602
0.264257
0.190105
0.102829
0.018458
-0.052316
-0.104058
-0.135283
-0.146530
-0.138917
-0.114122
-0.075390
-0.028289
0.019509
0.059170
0.082187
0.082684
0.060169
0.021213
-0.021524
-0.053216
-0.062463
-0.046221
-0.011736
0.025788
0.049293
0.047601
0.021343
-0.016509
-0.046810
-0.054327
-0.035893
-0.001460
0.032477
0.052225
0.052620
0.036541
0.010793
-0.017349
-0.041269
-0.055151
-0.054854
-0.039496
-0.012329
0.020215
0.050943
0.074130
0.086099
0.084484
0.068061
0.038339
0.001424
-0.032721
-0.054465
-0.059525
-0.051081
-0.037427
-0.026873
-0.023257
-0.024591
-0.024979
-0.018197
-0.001188
0.023647
0.048433
0.062842
0.059248
0.037106
0.003753
-0.028933
-0.050030
-0.054192
-0.043129
-0.023667
-0.003978
0.009870
0.015690
0.015164
0.012718
0.014115
0.025058
0.049217
0.085280
0.124293
0.150095
0.144437
0.095083
0.002775
-0.116531
-0.235476
-0.323779
-0.357944
-0.328086
-0.239234
-0.107382
0.046797
0.202620
0.340192
0.438707
0.476290
0.434377
0.305523
0.100055
-0.152746
-0.409737
-0.622609
-0.747016
-0.750720
-0.620697
-0.368413
-0.030933
0.334411
0.661693
0.891311
0.983324
0.924823
0.729564
0.431443
0.075633
-0.288943
-0.614283
-0.856350
-0.978887
-0.959301
-0.795128
-0.507641
-0.139966
0.249761
0.597842
0.845648
0.950939
0.897712
0.700634
0.401524
0.059194
-0.263618
-0.512891
-0.653313
-0.673663
-0.586129
-0.419932
-0.211803
0.003003
0.196040
0.346269
0.437862
0.459084
0.404870
0.281896
0.111846
-0.071100
-0.229131
-0.332606
-0.369103
-0.345102
-0.279921
-0.195943
-0.110631
-0.033809
0.030265
0.079320
0.111210
0.124560
0.120455
0.103235
0.079560
0.056298
0.038528
0.028569
0.026192
0.029583
0.036432
0.044457
0.051086
0.053005
0.046812
0.031026
0.007876
-0.017235
-0.038613
-0.052943
-0.059487
-0.058359
-0.049390
-0.032971
-0.011888
0.008000
0.019635
0.018517
0.005920
-0.010929
-0.022167
-0.020261
-0.003929
0.021028
0.044506
0.057205
0.055375
0.042459
0.026585
0.015227
0.010454
0.008322
0.003119
-0.007032
-0.018253
-0.024389
-0.022514
-0.015399
-0.009135
-0.008456
-0.013699
-0.021263
-0.026313
-0.025187
-0.016361
-0.000830
0.017295
0.030900
0.032176
0.016779
-0.012599
-0.045985
-0.070247
-0.075872
-0.062341
-0.038337
-0.016406
-0.005712
-0.007564
-0.015875
-0.021371
-0.016774
-0.000575
0.021981
0.041306
0.048730
0.042053
0.027507
0.015983
0.015851
0.027886
0.045996
0.062031
0.069893
0.066468
0.050935
0.025027
-0.005727
-0.032129
-0.044646
-0.038748
-0.018762
0.002932
0.011917
0.000135
-0.028481
-0.059601
-0.077052
-0.072693
-0.050689
-0.023530
-0.003140
0.006444
0.010055
0.016082
0.029259
0.046724
0.059668
0.059080
0.041772
0.013072
-0.015218
-0.030403
-0.025337
-0.002740
0.025241
0.043049
0.040420
0.018234
-0.012576
-0.038082
-0.049323
-0.046012
-0.034331
-0.021372
-0.010729
-0.002199
0.005124
0.009764
0.007840
-0.003771
-0.023839
-0.045848
-0.060615
-0.060809
-0.044876
-0.018383
0.008187
0.024669
0.026896
0.019087
0.010928
0.011292
0.023102
0.042510
0.062120
0.075474
0.079984
0.076913
0.068972
0.057783
0.043472
0.026381
0.008583
-0.006635
-0.016639
-0.020878
-0.021215
-0.021374
-0.025300
-0.034411
-0.045462
-0.051653
-0.047323
-0.032786
-0.015024
-0.003365
-0.003622
-0.015061
-0.031756
-0.046674
-0.055585
-0.058438
-0.057485
-0.053786
-0.045302
-0.028594
-0.002759
0.028013
0.055588
0.071845
0.072548
0.058938
0.036782
0.013854
-0.002942
-0.009794
-0.006751
0.002982
0.014246
0.020734
0.015968
-0.004105
-0.037154
-0.072290
-0.093199
-0.086414
-0.049669
0.005871
0.061448
0.100388
0.114926
0.106820
0.083608
0.054339
0.026812
0.006309
-0.004764
-0.006659
-0.001715
0.006445
0.013810
0.016734
0.012569
0.000466
-0.017736
-0.037367
-0.052150
-0.056374
-0.047012
-0.025149
0.003566
0.029955
0.044313
0.040605
0.019635
-0.011056
-0.040964
-0.061966
-0.071783
-0.073152
-0.069429
-0.060273
-0.041327
-0.008803
0.034279
0.075577
0.097818
0.088149
0.046445
-0.013063
-0.067946
-0.097863
-0.093372
-0.059055
-0.010009
0.035762
0.064781
0.071919
0.059885
0.036060
0.009032
-0.013673
-0.026694
-0.027579
-0.017548
-0.001534
0.013510
0.021873
0.022033
0.017138
0.012718
0.013436
0.020910
0.033125
0.044918
0.049406
0.040596
0.016767
-0.017030
-0.049540
-0.067893
-0.064335
-0.040876
-0.008413
0.019189
0.032032
0.028064
0.012540
-0.005616
-0.018162
-0.020518
-0.012616
0.001736
0.016128
0.023489
0.018955
0.002684
-0.019383
-0.037797
-0.043810
-0.033539
-0.010359
0.015716
0.032130
0.030011
0.009213
-0.021101
-0.047045
-0.057115
-0.047576
-0.023168
0.006545
0.032068
0.046942
0.048286
0.036590
0.015896
-0.006456
-0.021827
-0.023731
-0.010843
0.012417
0.038062
0.057933
0.066351
0.061126
0.043306
0.016459
-0.014018
-0.041631
-0.059996
-0.064739
-0.055448
-0.036357
-0.014884
0.001445
0.007987
0.004375
-0.005947
-0.017376
-0.024373
-0.023881
-0.017101
-0.009233
-0.006626
-0.012725
-0.025481
-0.037998
-0.041976
-0.031808
-0.007195
0.026672
0.061019
0.086510
0.096289
0.088096
0.064955
0.034410
0.006448
-0.009749
-0.009666
0.003774
0.020794
0.029258
0.020783
-0.005081
-0.040596
-0.073106
-0.090069
-0.083981
-0.055659
-0.014566
0.024575
0.048068
0.049560
0.032921
0.010080
-0.004856
-0.002253
0.018415
0.047855
0.070890
0.073799
0.051595
0.010912
-0.033490
-0.066473
-0.079714
-0.074369
-0.058445
-0.041213
-0.028349
-0.020453
-0.014951
-0.009046
-0.001385
0.007867
0.017397
0.024936
0.027755
0.023771
0.012600
-0.004146
-0.023030
-0.038754
-0.044263
-0.032450
0.000009
0.048806
0.101591
0.142287
0.157623
0.141633
0.095980
0.027364
-0.055311
-0.142415
-0.223664
-0.287408
-0.320142
-0.307666
-0.239073
-0.112708
0.058897
0.248299
0.417730
0.527543
0.545987
0.458057
0.271365
0.016658
-0.258513
-0.501598
-0.667864
-0.729250
-0.676795
-0.518044
-0.273164
0.027359
0.343909
0.630612
0.841557
0.939058
0.901080
0.725950
0.433946
0.065767
-0.322448
-0.667785
-0.911856
-1.012297
-0.951610
-0.741006
-0.417974
-0.037966
0.337327
0.651346
0.860521
0.937843
0.874106
0.679174
0.383174
0.034868
-0.305487
-0.578563
-0.740074
-0.771324
-0.681981
-0.504165
-0.280758
-0.053116
0.147226
0.300972
0.398956
0.438529
0.421113
0.351989
0.241500
0.105791
-0.034401
-0.157101
-0.243544
-0.282272
-0.271655
-0.220144
-0.144080
-0.063300
0.004628
0.049577
0.070854
0.074765
0.069608
0.061720
0.054662
0.050319
0.049364
0.050370
0.049405
0.041931
0.026138
0.004916
-0.015289
-0.027780
-0.028766
-0.018876
-0.002942
0.011585
0.017414
0.010999
-0.004410
-0.018376
-0.017254
0.008106
0.054707
0.105048
0.133241
0.117582
0.052693
-0.046301
-0.150362
-0.229866
-0.266654
-0.258458
-0.214837
-0.148851
-0.070194
0.016484
0.108043
0.197594
0.272180
0.315673
0.315018
0.265564
0.172426
0.048226
-0.090087
-0.223099
-0.329601
-0.388109
-0.381074
-0.301456
-0.158505
0.021436
0.201277
0.344846
0.428458
0.446346
0.407159
0.324426
0.208165
0.063933
-0.100535
-0.267526
-0.408250
-0.491022
-0.493909
-0.413657
-0.266055
-0.079226
0.114877
0.286540
0.411120
0.470540
0.455348
0.367257
0.220299
0.039058
-0.145844
-0.303706
-0.409774
-0.449895
-0.422344
-0.336312
-0.208461
-0.059735
0.086830
0.208430
0.286203
0.309647
0.279486
0.207244
0.111603
0.013030
-0.071191
-0.129561
-0.156401
-0.151210
-0.119039
-0.070832
-0.021107
0.017627
0.040464
0.051268
0.058039
0.065906
0.073106
0.072799
0.058867
0.031098
-0.003753
-0.035327
-0.054872
-0.059107
-0.050885
-0.036932
-0.024371
-0.017894
-0.018621
-0.024506
-0.031387
-0.034084
-0.027691
-0.009258
0.020690
0.057771
0.094974
0.124842
0.141280
0.140129
0.119140
0.078696
0.023460
-0.036710
-0.088432
-0.119096
-0.121757
-0.097972
-0.057153
-0.013067
0.020726
0.035053
0.028131
0.006482
-0.017303
-0.029933
-0.023968
-0.002188
0.023243
0.037087
0.029503
0.001585
-0.035174
-0.064761
-0.074328
-0.059965
-0.028174
0.007415
0.032423
0.037945
0.023588
-0.003567
-0.032603
-0.052825
-0.056981
-0.043246
-0.015562
0.018143
0.049180
0.071011
0.080426
0.077043
0.062119
0.037695
0.006481
-0.027727
-0.059560
-0.082113
-0.088389
-0.074454
-0.042695
-0.002163
0.035367
0.061319
0.073829
0.076235
0.072113
0.061478
0.041727
0.012371
-0.021317
-0.049584
-0.063373
-0.058878
-0.038498
-0.008997
0.020835
0.042218
0.048847
0.039684
0.020078
-0.000816
-0.015473
-0.022376
-0.025574
-0.029546
-0.033928
-0.033147
-0.021615
0.000045
0.023314
0.036388
0.031804
0.011583
-0.013696
-0.031008
-0.031905
-0.016453
0.007306
0.027516
0.034329
0.024707
0.003607
-0.019148
-0.034171
-0.036624
-0.027167
-0.010238
0.008567
0.024484
0.034262
0.035825
0.028026
0.011292
-0.011398
-0.034609
-0.052017
-0.058426
-0.051266
-0.031494
-0.004045
0.022733
0.039443
0.039462
0.022333
-0.005366
-0.032499
-0.048123
-0.046051
-0.026770
0.003947
0.038039
0.067478
0.085258
0.086158
0.068456
0.036165
-0.000459
-0.028032
-0.036106
-0.022716
0.004256
0.031122
0.045475
0.042031
0.023945
-0.000474
-0.022829
-0.038221
-0.045848
-0.047377
-0.044912
-0.039943
-0.033416
-0.026210
-0.019286
-0.013362
-0.008414
-0.003377
0.003679
0.014645
0.029722
0.045766
0.056204
0.053593
0.033949
0.000177
-0.037688
-0.065858
-0.072570
-0.054118
-0.018184
0.018323
0.037183
0.028824
-0.001695
-0.036923
-0.056518
-0.048191
-0.013668
0.033041
0.073143
0.091987
0.085089
0.058743
0.025447
-0.003060
-0.021188
-0.030455
-0.036060
-0.041977
-0.048167
-0.051305
-0.047693
-0.036157
-0.019382
-0.003025
0.007064
0.007807
0.000031
-0.012636
-0.025649
-0.034545
-0.034888
-0.022493
0.004759
0.043905
0.085087
0.113558
0.115812
0.087065
0.035895
-0.017122
-0.047256
-0.037117
0.013673
0.086205
0.149466
0.173551
0.141990
0.057336
-0.061184
-0.184974
-0.284308
-0.335218
-0.324540
-0.252912
-0.134847
0.005023
0.138996
0.244007
0.306388
0.321764
0.291644
0.220314
0.114365
-0.015923
-0.155743
-0.286695
-0.388757
-0.442348
-0.430961
-0.345324
-0.188520
0.020639
0.248965
0.455813
0.603063
0.663944
0.627371
0.497563
0.291510
0.036864
-0.229865
-0.467048
-0.634963
-0.704721
-0.665578
-0.527318
-0.316640
-0.069603
0.176174
0.386774
0.534692
0.600745
0.576353
0.465636
0.285892
0.065519
-0.160482
-0.356355
-0.491418
-0.545071
-0.510705
-0.397787
-0.230741
-0.043770
0.127517
0.255028
0.324225
0.335094
0.298546
0.230768
0.147999
0.062986
-0.016392
-0.086092
-0.142833
-0.181023
-0.192688
-0.171676
-0.119660
-0.049007
0.020716
0.071080
0.092788
0.088540
0.069614
0.048643
0.032937
0.022286
0.012356
0.000900
-0.008250
-0.006834
0.011501
0.044971
0.082380
0.108146
0.110403
0.086841
0.044806
-0.003450
-0.046379
-0.076257
-0.089520
-0.086224
-0.069991
-0.047814
-0.028172
-0.017131
-0.014636
-0.014402
-0.008643
0.005359
0.021896
0.029669
0.019292
-0.009417
-0.045438
-0.071777
-0.075079
-0.053334
-0.016422
0.020431
0.045072
0.053177
0.047600
0.034512
0.019690
0.006919
-0.001755
-0.005357
-0.003939
0.001017
0.006690
0.009922
0.008470
0.001541
-0.010474
-0.026291
-0.043441
-0.057737
-0.063551
-0.055765
-0.032959
0.000187
0.033757
0.056941
0.063083
0.052074
0.029366
0.003501
-0.016127
-0.021479
-0.008737
0.019274
0.053253
0.080796
0.091163
0.079095
0.046584
0.002486
-0.040046
-0.068137
-0.074316
-0.059617
-0.032828
-0.006300
0.009460
0.010078
-0.001245
-0.015914
-0.024785
-0.022792
-0.010700
0.006062
0.019781
0.023068
0.011815
-0.012227
-0.041191
-0.064209
-0.072390
-0.062577
-0.037948
-0.005796
0.025779
0.050525
0.065047
0.068316
0.060865
0.044729
0.023812
0.003285
-0.012549
-0.022431
-0.028127
-0.031985
-0.034402
-0.033560
-0.027377
-0.015672
-0.000788
0.013656
0.024824
0.031916
0.035790
0.037700
0.038729
0.040254
0.044045
0.050892
0.058897
0.063567
0.060066
0.045797
0.021574
-0.008927
-0.040669
-0.068727
-0.088943
-0.097796
-0.092591
-0.072880
-0.042347
-0.008988
0.017476
0.029575
0.025040
0.007560
-0.014415
-0.030374
-0.031740
-0.016068
0.010870
0.036972
0.049160
0.039555
0.009483
-0.030582
-0.065484
-0.082482
-0.077334
-0.055858
-0.030281
-0.012792
-0.009909
-0.020051
-0.034874
-0.043371
-0.036949
-0.013275
0.022945
0.062529
0.095797
0.115578
0.118487
0.105186
0.079951
0.049216
0.019534
-0.003806
-0.017091
-0.018497
-0.009234
0.005522
0.017952
0.021497
0.014787
0.002295
-0.009178
-0.015460
-0.017387
-0.018812
-0.022231
-0.025842
-0.024376
-0.013097
0.007645
0.030426
0.043266
0.036000
0.006874
-0.035010
-0.073373
-0.092559
-0.084970
-0.054264
-0.013035
0.023515
0.044731
0.048963
0.042934
0.036370
0.035435
0.039589
0.043754
0.043246
0.037084
0.027524
0.017252
0.007137
-0.003690
-0.016098
-0.029545
-0.042370
-0.053308
-0.062614
-0.071753
-0.081994
-0.093167
-0.103334
-0.109219
-0.106959
-0.093216
-0.066668
-0.029358
0.013156
0.053462
0.085045
0.104515
0.112129
0.110714
0.103832
0.094071
0.082226
0.067815
0.050503
0.031244
0.012215
-0.004197
-0.016466
-0.024363
-0.028665
-0.030412
-0.030237
-0.028275
-0.024868
-0.021501
-0.020827
-0.025111
-0.033978
-0.043356
-0.046918
-0.039470
-0.020170
0.006575
0.033256
0.053184
0.063704
0.066666
0.065905
0.063526
0.057907
0.045256
0.023647
-0.003892
-0.029939
-0.046362
-0.048196
-0.035278
-0.011573
0.016291
0.040322
0.052780
0.048588
0.027652
-0.004640
-0.039460
-0.068142
-0.085284
-0.089661
-0.082820
-0.066950
-0.043987
-0.016519
0.010800
0.031329
0.038746
0.030258
0.008645
-0.018182
-0.040185
-0.049532
-0.043978
-0.027250
-0.006352
0.012439
0.026552
0.037518
0.048734
0.062035
0.075207
0.082149
0.075883
0.052969
0.016916
-0.021743
-0.049648
-0.057354
-0.044668
-0.021093
-0.000858
0.004630
-0.007317
-0.029636
-0.049848
-0.057361
-0.049432
-0.032098
-0.015455
-0.006696
-0.006070
-0.008531
-0.008848
-0.005162
0.001714
0.011164
0.023782
0.039273
0.054073
0.062305
0.060353
0.051240
0.044186
0.048463
0.065694
0.086620
0.095424
0.079228
0.036567
-0.020653
-0.072735
-0.101786
-0.100112
-0.073328
-0.036905
-0.008195
0.001710
-0.007903
-0.028953
-0.050295
-0.063925
-0.068051
-0.065728
-0.060747
-0.054017
-0.042834
-0.023229
0.006154
0.041023
0.071515
0.086130
0.077759
0.048419
0.009705
-0.021824
-0.032296
-0.017205
0.016661
0.055009
0.082994
0.091254
0.078265
0.049112
0.012714
-0.020857
-0.042975
-0.049366
-0.042156
-0.028851
-0.017878
-0.013591
-0.014537
-0.016066
-0.014817
-0.011591
-0.010817
-0.017281
-0.032283
-0.051545
-0.066221
-0.066785
-0.048118
-0.013134
0.027482
0.059901
0.073682
0.066427
0.044150
0.017667
-0.002655
-0.011020
-0.007504
0.003383
0.015471
0.023489
0.024590
0.018812
0.008676
-0.001960
-0.009631
-0.013080
-0.014352
-0.018230
-0.029427
-0.048423
-0.068773
-0.078848
-0.068099
-0.034172
0.014176
0.060876
0.090968
0.098231
0.087180
0.068669
0.052548
0.042282
0.034504
0.023019
0.004049
-0.020715
-0.044738
-0.060034
-0.061159
-0.047712
-0.024339
0.001378
0.021845
0.032064
0.031221
0.022682
0.012010
0.003546
-0.002347
-0.009049
-0.020234
-0.035866
-0.051108
-0.059234
-0.056215
-0.043198
-0.025158
-0.007401
0.006866
0.016438
0.020792
0.019573
0.013249
0.003578
-0.007071
-0.016869
-0.024673
-0.028919
-0.026836
-0.015692
0.004362
0.028477
0.048678
0.058477
0.057216
0.050411
0.045263
0.044686
0.044773
0.037930
0.019326
-0.008378
-0.035694
-0.051849
-0.051137
-0.035747
-0.013714
0.005996
0.017957
0.021939
0.021283
0.019350
0.016418
0.009186
-0.006489
-0.031039
-0.057971
-0.075261
-0.072000
-0.046401
-0.008942
0.022695
0.033921
0.021667
-0.004667
-0.029757
-0.041378
-0.036200
-0.019691
-0.001273
0.012002
0.019495
0.026258
0.038157
0.056498
0.076145
0.088349
0.085974
0.067497
0.037605
0.004786
-0.022233
-0.037547
-0.039888
-0.032719
-0.022268
-0.014272
-0.011490
-0.013575
-0.018717
-0.025042
-0.030772
-0.033913
-0.032593
-0.026177
-0.016234
-0.006305
-0.000393
-0.001180
-0.009004
-0.021669
-0.034742
-0.042630
-0.040925
-0.029110
-0.011299
0.006412
0.020278
0.031227
0.042876
0.056756
0.069162
0.072974
0.063330
0.042244
0.018074
0.000225
-0.006888
-0.006442
-0.006693
-0.014959
-0.032008
-0.050517
-0.058975
-0.049287
-0.023419
0.006155
0.023724
0.020653
0.001186
-0.020429
-0.029155
-0.018363
0.006734
0.032972
0.047418
0.044566
0.028545
0.009886
-0.000500
0.003292
0.019622
0.040202
0.053962
0.052367
0.033660
0.003800
-0.026254
-0.045463
-0.047679
-0.034463
-0.014201
0.002077
0.005881
-0.005022
-0.025646
-0.045897
-0.055316
-0.048596
-0.028666
-0.005021
0.011825
0.016204
0.009841
-0.000160
-0.006260
-0.005022
0.001705
0.009448
0.015241
0.019777
0.025876
0.034616
0.042459
0.042184
0.027635
-0.000907
-0.034893
-0.061113
-0.068704
-0.055217
-0.028135
-0.001165
0.012610
0.007288
-0.012901
-0.035810
-0.047549
-0.039223
-0.010922
0.028470
0.065121
0.086065
0.084605
0.062817
0.029713
-0.003865
-0.030146
-0.046061
-0.051671
-0.047918
-0.035778
-0.016945
0.004905
0.023391
0.030583
0.020764
-0.004648
-0.034856
-0.053306
-0.046243
-0.011135
0.040591
0.088615
0.113802
0.107424
0.074411
0.029435
-0.011264
-0.037530
-0.048444
-0.049733
-0.047965
-0.046122
-0.043221
-0.036583
-0.023741
-0.003257
0.024264
0.054687
0.080406
0.093509
0.090560
0.075188
0.055881
0.040273
0.030099
0.020404
0.003508
-0.024979
-0.062156
-0.098564
-0.123202
-0.129448
-0.118171
-0.096548
-0.074048
-0.058142
-0.051448
-0.050929
-0.049523
-0.039938
-0.018934
0.010420
0.040073
0.061208
0.068732
0.063213
0.049458
0.033494
0.020388
0.013692
0.015502
0.026157
0.043772
0.064429
0.083216
0.095295
0.096293
0.082632
0.052937
0.010322
-0.036583
-0.075799
-0.097074
-0.097060
-0.081135
-0.060261
-0.044615
-0.038165
-0.037707
-0.036462
-0.029141
-0.014997
0.002524
0.018463
0.029254
0.034128
0.034504
0.032227
0.028273
0.023003
0.017586
0.015040
0.019568
0.033954
0.056259
0.078277
0.087910
0.075155
0.038451
-0.012583
-0.060115
-0.085877
-0.080383
-0.048707
-0.008764
0.017890
0.017625
-0.008259
-0.044994
-0.072802
-0.077274
-0.056319
-0.020714
0.011516
0.023937
0.009699
-0.024809
-0.062388
-0.082955
-0.073546
-0.035276
0.016862
0.061668
0.082917
0.077684
0.056658
0.036228
0.027762
0.031263
0.037090
0.033774
0.016205
-0.011124
-0.037294
-0.051543
-0.048618
-0.030163
-0.002683
0.025485
0.046394
0.053887
0.045100
0.022354
-0.005841
-0.026579
-0.027810
-0.005013
0.034818
0.075377
0.098918
0.094878
0.063771
0.014980
-0.038541
-0.084872
-0.115489
-0.125993
-0.116245
-0.090199
-0.055145
-0.020078
0.006645
0.019844
0.019404
0.010556
0.001915
0.001673
0.013567
0.034625
0.055857
0.065974
0.057095
0.029866
-0.005564
-0.034478
-0.045835
-0.038261
-0.019825
-0.002367
0.005418
0.001927
-0.008087
-0.017666
-0.021958
-0.019934
-0.013338
-0.004844
0.002986
0.008054
0.009294
0.007455
0.005097
0.005261
0.009669
0.017884
0.027837
0.036916
0.042762
0.043692
0.039017
0.029240
0.015924
0.001230
-0.012674
-0.024087
-0.032059
-0.036338
-0.037024
-0.034354
-0.029050
-0.022942
-0.018803
-0.018779
-0.022244
-0.024917
-0.020632
-0.005473
0.018038
0.040064
0.047735
0.032963
-0.001047
-0.039379
-0.062311
-0.055893
-0.019977
0.031144
0.076105
0.097819
0.092120
0.068406
0.042151
0.024820
0.018176
0.016182
0.011902
0.003683
-0.003789
-0.003647
0.007370
0.025689
0.042249
0.047574
0.037465
0.015506
-0.009637
-0.030226
-0.044041
-0.054175
-0.065035
-0.078439
-0.092685
-0.104550
-0.112070
-0.115678
-0.116642
-0.114153
-0.104097
-0.081240
-0.043393
0.005651
0.056319
0.096220
0.114504
0.106368
0.076100
0.036618
0.004636
-0.006815
0.005193
0.031641
0.055899
0.062712
0.047005
0.016895
-0.011335
-0.023131
-0.014156
0.007834
0.028501
0.036018
0.028003
0.012382
0.002007
0.006359
0.025226
0.048363
0.061551
0.055212
0.030161
-0.002751
-0.028521
-0.036051
-0.023942
-0.000727
0.020508
0.029688
0.024940
0.012594
0.002140
-0.000997
-0.000233
-0.006008
-0.027323
-0.062296
-0.095541
-0.105807
-0.079680
-0.022363
0.042288
0.083731
0.081846
0.038242
-0.025328
-0.079579
-0.102584
-0.088478
-0.047095
0.002739
0.041752
0.057439
0.048143
0.022683
-0.004672
-0.021458
-0.022544
-0.011258
0.003651
0.013139
0.012450
0.003029
-0.008926
-0.016006
-0.013238
-0.000330
0.018266
0.035488
0.044903
0.043354
0.031898
0.014859
-0.002548
-0.016870
-0.027531
-0.035507
-0.040859
-0.041678
-0.035624
-0.022605
-0.006008
0.008784
0.017410
0.018766
0.014974
0.009575
0.005684
0.005245
0.008998
0.016272
0.024643
0.030260
0.029451
0.021102
0.008299
-0.002533
-0.005167
0.002345
0.016048
0.028086
0.030954
0.021575
0.003095
-0.016522
-0.028508
-0.027884
-0.016229
-0.001094
0.007880
0.004139
-0.012321
-0.035190
-0.055147
-0.063893
-0.057066
-0.035784
-0.006951
0.018385
0.029408
0.021366
-0.000724
-0.023753
-0.033237
-0.021100
0.010083
0.048683
0.080376
0.095523
0.093068
0.078640
0.058785
0.036077
0.008754
-0.025326
-0.063739
-0.097394
-0.113344
-0.101666
-0.062605
-0.008975
0.038945
0.063765
0.060162
0.036803
0.009933
-0.006631
-0.008189
0.001085
0.013344
0.022336
0.025504
0.023172
0.016862
0.008066
-0.002375
-0.014420
-0.028286
-0.043161
-0.056010
-0.061840
-0.056138
-0.038242
-0.013088
0.010336
0.023097
0.020636
0.005051
-0.015837
-0.032315
-0.037467
-0.029974
-0.013603
0.005742
0.023224
0.036609
0.045601
0.049972
0.048303
0.038656
0.020980
-0.000520
-0.017390
-0.020575
-0.006218
0.020322
0.045931
0.056650
0.045711
0.017290
-0.016505
-0.043041
-0.055606
-0.054783
-0.045188
-0.031417
-0.016319
-0.001607
0.010919
0.018904
0.020025
0.013240
-0.000133
-0.016252
-0.029726
-0.035328
-0.029693
-0.012355
0.013950
0.043489
0.068456
0.081074
0.076632
0.056208
0.027491
0.002500
-0.007886
-0.000438
0.017183
0.029934
0.024467
-0.002203
-0.040781
-0.075900
-0.095663
-0.097602
-0.087537
-0.073330
-0.058779
-0.041857
-0.017950
0.014750
0.051563
0.081999
0.094734
0.084164
0.054312
0.017280
-0.012858
-0.026592
-0.022126
-0.004480
0.017334
0.033195
0.034770
0.018762
-0.010760
-0.043110
-0.065440
-0.068887
-0.053014
-0.025970
-0.000139
0.014369
0.014737
0.006256
-0.001264
0.000753
0.014993
0.037109
0.058359
0.070091
0.067465
0.050820
0.024757
-0.004043
-0.029082
-0.045531
-0.050841
-0.044901
-0.030016
-0.010416
0.008941
0.023774
0.031286
0.030210
0.020589
0.003583
-0.018744
-0.043700
-0.068093
-0.088170
-0.099779
-0.099222
-0.084825
-0.058595
-0.026788
0.001717
0.019195
0.023095
0.017563
0.011160
0.012237
0.024909
0.047609
0.074212
0.096562
0.107378
0.102899
0.084531
0.058638
0.034110
0.018505
0.014689
0.019814
0.027080
0.028997
0.020462
0.000816
-0.025266
-0.048616
-0.058897
-0.049831
-0.023777
0.007577
0.027876
0.024338
-0.004920
-0.049016
-0.089179
-0.107486
-0.094804
-0.054421
-0.000276
0.049018
0.077489
0.077419
0.051440
0.010895
-0.028814
-0.054299
-0.059125
-0.045247
-0.020558
0.005557
0.025984
0.037356
0.039359
0.033208
0.020738
0.004356
-0.012851
-0.027608
-0.037489
-0.041869
-0.041966
-0.039687
-0.035951
-0.029950
-0.020366
-0.007710
0.004686
0.012546
0.013817
0.010123
0.005412
0.003403
0.005894
0.012558
0.021649
0.030970
0.038607
0.042956
0.041954
0.032589
0.012487
-0.016312
-0.044553
-0.058030
-0.045286
-0.005991
0.046174
0.088959
0.102688
0.080756
0.033323
-0.017831
-0.050174
-0.051204
-0.024077
0.014251
0.041327
0.040132
0.007639
-0.043227
-0.089669
-0.110422
-0.096320
-0.053938
-0.000572
0.045548
0.073407
0.081539
0.075014
0.060608
0.043554
0.026866
0.012103
-0.000076
-0.010140
-0.019840
-0.031246
-0.044878
-0.058462
-0.067675
-0.068530
-0.059576
-0.042303
-0.019746
0.005101
0.029425
0.049557
0.060788
0.059396
0.045662
0.025061
0.006064
-0.004341
-0.004463
0.001369
0.005511
0.001433
-0.012614
-0.032462
-0.049904
-0.056769
-0.049301
-0.030525
-0.009087
0.005106
0.006228
-0.004230
-0.018463
-0.027032
-0.024200
-0.010741
0.007141
0.021737
0.028110
0.026439
0.021583
0.020373
0.027902
0.044586
0.065735
0.084043
0.093430
0.091725
0.080490
0.062380
0.038347
0.007317
-0.030830
-0.071357
-0.103942
-0.117251
-0.106243
-0.076666
-0.042780
-0.019311
-0.013021
-0.019726
-0.028634
-0.030381
-0.022744
-0.010487
-0.000616
0.002845
0.001031
-0.001454
-0.000365
0.005053
0.011660
0.014706
0.011082
0.001502
-0.009558
-0.016120
-0.013887
-0.002440
0.014806
0.032501
0.045710
0.051595
0.050156
0.044052
0.037479
0.034208
0.035471
0.038955
0.039821
0.033306
0.017249
-0.006870
-0.034400
-0.058694
-0.072589
-0.070287
-0.049492
-0.013123
0.030345
0.068782
0.090506
0.088924
0.065136
0.027119
-0.013809
-0.047191
-0.066430
-0.069733
-0.059290
-0.039787
-0.017284
0.001499
0.010255
0.004964
-0.014162
-0.041883
-0.069084
-0.085777
-0.085055
-0.066318
-0.035850
-0.003628
0.022234
0.039581
0.051532
0.061646
0.069376
0.069985
0.059019
0.037286
0.011837
-0.007997
-0.016222
-0.013154
-0.004175
0.004112
0.007536
0.005730
0.000822
-0.005095
-0.011508
-0.018955
-0.027178
-0.033668
-0.034060
-0.024606
-0.005393
0.017961
0.035957
0.040065
0.028247
0.007437
-0.009438
-0.010894
0.005542
0.030498
0.046893
0.039370
0.004167
-0.046452
-0.088760
-0.099500
-0.068710
-0.006058
0.063094
0.109958
0.116296
0.082625
0.026552
-0.027133
-0.058661
-0.061384
-0.042441
-0.016884
0.000864
0.003601
-0.007111
-0.024168
-0.039674
-0.047910
-0.045857
-0.032793
-0.010270
0.017663
0.044753
0.063783
0.068867
0.058401
0.037141
0.015397
0.004488
0.010190
0.028039
0.044268
0.043055
0.016285
-0.030342
-0.079106
-0.109141
-0.107087
-0.073426
-0.021510
0.029370
0.062798
0.071739
0.060166
0.039420
0.021381
0.012420
0.011738
0.014534
0.016617
0.016497
0.014157
0.009157
0.000670
-0.010807
-0.022530
-0.030931
-0.034321
-0.034554
-0.036179
-0.043351
-0.056229
-0.069262
-0.073229
-0.060490
-0.030429
0.008666
0.043074
0.060829
0.058294
0.041821
0.023320
0.012669
0.012022
0.015540
0.014350
0.003190
-0.015607
-0.033304
-0.040361
-0.032827
-0.015264
0.001920
0.009060
0.003288
-0.010040
-0.021402
-0.023518
-0.015465
-0.001969
0.010648
0.018296
0.020500
0.019670
0.019548
0.023404
0.032158
0.043063
0.050033
0.046350
0.028975
0.001856
-0.024752
-0.039499
-0.036586
-0.019252
0.002341
0.017525
0.021663
0.018542
0.017031
0.024168
0.039281
0.053407
0.054856
0.037402
0.005275
-0.028616
-0.049776
-0.049713
-0.029718
0.000402
0.027261
0.039941
0.034552
0.015435
-0.007421
-0.023353
-0.025942
-0.015794
-0.000304
0.009524
0.004375
-0.017916
-0.049863
-0.077229
-0.086648
-0.073429
-0.044170
-0.012297
0.010122
0.018508
0.016284
0.010655
0.007377
0.007789
0.009093
0.006975
-0.001209
-0.014664
-0.030046
-0.044055
-0.055049
-0.062128
-0.063246
-0.055156
-0.035855
-0.007363
0.023782
0.048920
0.061044
0.057628
0.041062
0.017045
-0.007507
-0.025792
-0.031921
-0.022166
0.003196
0.038756
0.075152
0.102716
0.115554
0.113474
0.100774
0.083145
0.064843
0.047654
0.031884
0.018275
0.008922
0.005847
0.008060
0.009911
0.003140
-0.017811
-0.050621
-0.084090
-0.103063
-0.096976
-0.066791
-0.025606
0.007860
0.019077
0.004963
-0.025385
-0.056270
-0.073628
-0.071457
-0.053659
-0.031009
-0.015165
-0.012778
-0.022454
-0.035840
-0.042153
-0.033894
-0.010973
0.018890
0.043810
0.053474
0.043832
0.018624
-0.012280
-0.036586
-0.044171
-0.031315
-0.002894
0.029050
0.050484
0.052046
0.033666
0.004549
-0.021475
-0.032618
-0.024071
0.001279
0.035810
0.071135
0.100705
0.120444
0.128239
0.123394
0.106546
0.079611
0.045354
0.006933
-0.031936
-0.066415
-0.090634
-0.099159
-0.089288
-0.062992
-0.027484
0.006153
0.026426
0.026117
0.006028
-0.024695
-0.052571
-0.066368
-0.062711
-0.047407
-0.031574
-0.024768
-0.029399
-0.039926
-0.046947
-0.043048
-0.026728
-0.002637
0.021367
0.038277
0.044784
0.041583
0.031702
0.018695
0.005899
-0.003601
-0.007281
-0.003987
0.005396
0.018015
0.029866
0.036926
0.036273
0.027062
0.011014
-0.008036
-0.025581
-0.038297
-0.045436
-0.049008
-0.052209
-0.056428
-0.058701
-0.052214
-0.030641
0.006301
0.050451
0.088195
0.107032
0.101614
0.076111
0.042166
0.013543
-0.000216
0.002037
0.013458
0.023812
0.025177
0.015538
-0.000843
-0.015734
-0.020997
-0.013094
0.004309
0.021941
0.030386
0.025828
0.011957
-0.003033
-0.011718
-0.011287
-0.004049
0.004843
0.010505
0.010593
0.005900
-0.000864
-0.007275
-0.012733
-0.018174
-0.024486
-0.031258
-0.036999
-0.040581
-0.042561
-0.044891
-0.048876
-0.053271
-0.054636
-0.049863
-0.038502
-0.022789
-0.005820
0.009909
0.022303
0.028763
0.026446
0.014265
-0.005077
-0.025207
-0.038751
-0.040668
-0.030242
-0.011393
0.008288
0.020035
0.018122
0.003874
-0.013881
-0.023247
-0.016001
0.007783
0.039892
0.068206
0.082134
0.076725
0.054430
0.024226
-0.001970
-0.014610
-0.010920
0.004398
0.022668
0.036557
0.043598
0.045722
0.045644
0.043489
0.036826
0.024069
0.007831
-0.005340
-0.009060
-0.001709
0.012431
0.026457
0.035651
0.039600
0.040162
0.037821
0.030366
0.015179
-0.007148
-0.031268
-0.049060
-0.053831
-0.043995
-0.024135
-0.003260
0.008689
0.004754
-0.016019
-0.047840
-0.080455
-0.103618
-0.111427
-0.104307
-0.087874
-0.069622
-0.055343
-0.047113
-0.043537
-0.041328
-0.036804
-0.026986
-0.011044
0.008074
0.023764
0.029033
0.021281
0.004733
-0.011915
-0.021048
-0.020575
-0.014083
-0.007152
-0.002951
-0.000078
0.006066
0.019255
0.038508
0.057236
0.066496
0.060338
0.039761
0.012863
-0.008839
-0.015783
-0.004605
0.020760
0.051298
0.077036
0.090981
0.091279
0.081168
0.067215
0.056639
0.054333
0.060380
0.069606
0.074483
0.070573
0.060799
0.054456
0.060540
0.079851
0.102136
0.111287
0.095661
0.056563
0.008816
-0.027364
-0.038225
-0.024733
-0.002184
0.008682
-0.006116
-0.045486
-0.093757
-0.129467
-0.136670
-0.111766
-0.062671
